-1.00125316828e-08
1601
40000000000.0
-3.02427466379e-07
-3.05041844826e-07
-3.02412955118e-07
-3.05053160804e-07
-3.02398885443e-07
-3.05065315334e-07
-3.02385266534e-07
-3.05078317331e-07
-3.02372091184e-07
-3.05092159715e-07
-3.02359336271e-07
-3.05106820087e-07
-3.02346963623e-07
-3.05122261771e-07
-3.0233492121e-07
-3.05138435179e-07
-3.02323144663e-07
-3.0515527947e-07
-3.02311559039e-07
-3.05172724439e-07
-3.02300080818e-07
-3.05190692606e-07
-3.02288620041e-07
-3.05209101422e-07
-3.0227708257e-07
-3.05227865565e-07
-3.02265372371e-07
-3.05246899232e-07
-3.022533938e-07
-3.05266118406e-07
-3.02241053812e-07
-3.05285443019e-07
-3.02228264046e-07
-3.0530479897e-07
-3.02214942746e-07
-3.05324119947e-07
-3.02201016463e-07
-3.05343349024e-07
-3.02186421506e-07
-3.05362439982e-07
-3.02171105113e-07
-3.05381358344e-07
-3.0215502632e-07
-3.054000821e-07
-3.02138156516e-07
-3.05418602107e-07
-3.0212047967e-07
-3.0543692217e-07
-3.02101992237e-07
-3.05455058808e-07
-3.02082702762e-07
-3.05473040718e-07
-3.02062631183e-07
-3.05490907951e-07
-3.02041807863e-07
-3.05508710843e-07
-3.02020272394e-07
-3.0552650872e-07
-3.01998072185e-07
-3.0554436842e-07
-3.01975260894e-07
-3.05562362673e-07
-3.0195189674e-07
-3.05580568382e-07
-3.01928040726e-07
-3.05599064851e-07
-3.01903754846e-07
-3.05617932002e-07
-3.01879100294e-07
-3.05637248633e-07
-3.01854135733e-07
-3.05657090748e-07
-3.01828915664e-07
-3.0567753001e-07
-3.01803488923e-07
-3.05698632342e-07
-3.01777897357e-07
-3.05720456718e-07
-3.01752174687e-07
-3.0574305416e-07
-3.01726345596e-07
-3.05766466962e-07
-3.01700425045e-07
-3.05790728165e-07
-3.01674417855e-07
-3.05815861278e-07
-3.01648318514e-07
-3.05841880251e-07
-3.01622111255e-07
-3.05868789692e-07
-3.01595770358e-07
-3.05896585324e-07
-3.01569260688e-07
-3.05925254662e-07
-3.0154253844e-07
-3.05954777877e-07
-3.01515552062e-07
-3.0598512885e-07
-3.01488243339e-07
-3.06016276347e-07
-3.01460548597e-07
-3.06048185321e-07
-3.01432400004e-07
-3.06080818277e-07
-3.01403726921e-07
-3.06114136689e-07
-3.01374457278e-07
-3.06148102413e-07
-3.01344518935e-07
-3.06182679078e-07
-3.01313840995e-07
-3.06217833409e-07
-3.01282355039e-07
-3.06253536464e-07
-3.01249996247e-07
-3.06289764748e-07
-3.01216704397e-07
-3.06326501184e-07
-3.0118242469e-07
-3.06363735924e-07
-3.01147108414e-07
-3.06401466972e-07
-3.01110713418e-07
-3.06439700637e-07
-3.0107320439e-07
-3.06478451772e-07
-3.01034552936e-07
-3.06517743836e-07
-3.00994737466e-07
-3.06557608754e-07
-3.00953742893e-07
-3.06598086608e-07
-3.00911560144e-07
-3.06639225148e-07
-3.00868185519e-07
-3.06681079168e-07
-3.00823619902e-07
-3.0672370974e-07
-3.00777867841e-07
-3.0676718335e-07
-3.00730936546e-07
-3.06811570951e-07
-3.00682834798e-07
-3.0685694696e-07
-3.00633571819e-07
-3.06903388235e-07
-3.0058315613e-07
-3.06950973046e-07
-3.00531594403e-07
-3.0699978008e-07
-3.00478890358e-07
-3.07049887499e-07
-3.00425043721e-07
-3.07101372077e-07
-3.00370049254e-07
-3.07154308431e-07
-3.00313895893e-07
-3.07208768382e-07
-3.00256566e-07
-3.07264820436e-07
-3.00198034748e-07
-3.07322529422e-07
-3.00138269643e-07
-3.07381956277e-07
-3.00077230191e-07
-3.07443157988e-07
-3.00014867718e-07
-3.07506187703e-07
-2.99951125326e-07
-3.0757109498e-07
-2.9988593799e-07
-3.07637926205e-07
-2.99819232794e-07
-3.07706725127e-07
-2.99750929269e-07
-3.07777533538e-07
-2.99680939839e-07
-3.07850392049e-07
-2.99609170358e-07
-3.07925340964e-07
-2.99535520696e-07
-3.0800242123e-07
-2.99459885378e-07
-3.08081675434e-07
-2.99382154245e-07
-3.08163148837e-07
-2.99302213106e-07
-3.08246890422e-07
-2.99219944372e-07
-3.08332953924e-07
-2.99135227644e-07
-3.08421398849e-07
-2.99047940237e-07
-3.08512291438e-07
-2.98957957617e-07
-3.08605705571e-07
-2.98865153741e-07
-3.08701723611e-07
-2.98769401283e-07
-3.08800437151e-07
-2.9867057173e-07
-3.08901947686e-07
-2.98568535348e-07
-3.09006367179e-07
-2.98463161002e-07
-3.09113818543e-07
-2.98354315835e-07
-3.09224436023e-07
-2.982418648e-07
-3.09338365498e-07
-2.98125670049e-07
-3.09455764698e-07
-2.98005590185e-07
-3.0957680336e-07
-2.9788147938e-07
-3.09701663323e-07
-2.97753186372e-07
-3.09830538589e-07
-2.97620553351e-07
-3.09963635365e-07
-2.97483414733e-07
-3.10101172102e-07
-2.97341595861e-07
-3.10243379554e-07
-2.97194911611e-07
-3.10390500878e-07
-2.97043164945e-07
-3.10542791799e-07
-2.96886145401e-07
-3.10700520856e-07
-2.96723627537e-07
-3.10863969762e-07
-2.96555369343e-07
-3.11033433885e-07
-2.9638111062e-07
-3.11209222884e-07
-2.96200571325e-07
-3.11391661507e-07
-2.96013449894e-07
-3.11581090584e-07
-2.95819421537e-07
-3.1177786822e-07
-2.95618136487e-07
-3.11982371207e-07
-2.95409218216e-07
-3.12194996684e-07
-2.95192261583e-07
-3.12416164037e-07
-2.94966830907e-07
-3.12646317073e-07
-2.94732457948e-07
-3.12885926472e-07
-2.94488639749e-07
-3.13135492535e-07
-2.94234836344e-07
-3.13395548248e-07
-2.93970468256e-07
-3.13666662669e-07
-2.93694913783e-07
-3.13949444666e-07
-2.93407505998e-07
-3.14244547027e-07
-2.93107529435e-07
-3.14552670967e-07
-2.92794216391e-07
-3.14874571061e-07
-2.92466742796e-07
-3.15211060651e-07
-2.92124223575e-07
-3.15563017754e-07
-2.91765707428e-07
-3.15931391551e-07
-2.91390170961e-07
-3.16317209487e-07
-2.90996512045e-07
-3.16721585097e-07
-2.90583542354e-07
-3.17145726612e-07
-2.90149978901e-07
-3.17590946479e-07
-2.89694434507e-07
-3.18058671905e-07
-2.89215407017e-07
-3.18550456578e-07
-2.88711267123e-07
-3.1906799374e-07
-2.88180244581e-07
-3.19613130816e-07
-2.8762041263e-07
-3.20187885829e-07
-2.87029670341e-07
-3.20794465895e-07
-2.86405722609e-07
-3.21435288106e-07
-2.85746057454e-07
-3.22113003214e-07
-2.85047920206e-07
-3.22830522535e-07
-2.84308284123e-07
-3.23591048636e-07
-2.8352381687e-07
-3.24398110423e-07
-2.82690842185e-07
-3.25255603367e-07
-2.81805295946e-07
-3.2616783579e-07
-2.808626757e-07
-3.27139582226e-07
-2.7985798247e-07
-3.28176145175e-07
-2.78785653531e-07
-3.29283426737e-07
-2.77639484438e-07
-3.30468012001e-07
-2.76412538326e-07
-3.31737266408e-07
-2.75097040014e-07
-3.3309944981e-07
-2.73684251917e-07
-3.34563850575e-07
-2.72164328086e-07
-3.36140943823e-07
-2.70526141821e-07
-3.37842578863e-07
-2.68757081217e-07
-3.39682202129e-07
-2.66842805619e-07
-3.41675123476e-07
-2.64766954166e-07
-3.43838835722e-07
-2.62510795317e-07
-3.4619339994e-07
-2.60052803275e-07
-3.4876191237e-07
-2.57368143313e-07
-3.51571073343e-07
-2.54428042906e-07
-3.54651884459e-07
-2.5119901873e-07
-3.58040508138e-07
-2.47641920517e-07
-3.6177933426e-07
-2.43710740429e-07
-3.65918312895e-07
-2.39351119886e-07
-3.70516631818e-07
-2.34498462694e-07
-3.75644844592e-07
-2.29075531249e-07
-3.81387593076e-07
-2.22989357489e-07
-3.87847121933e-07
-2.16127235927e-07
-3.95147859805e-07
-2.08351473444e-07
-4.03442453825e-07
-1.99492434728e-07
-4.12919809173e-07
-1.89339220701e-07
-4.23815932706e-07
-1.77627012694e-07
-4.36428756403e-07
-1.64019646818e-07
-4.51138701371e-07
-1.48085248591e-07
-4.68437670168e-07
-1.29261581092e-07
-4.88970657802e-07
-1.0680582929e-07
-5.13596668723e-07
-7.97202914254e-08
-5.43479892841e-07
-4.66398091779e-08
-5.80229609641e-07
-5.65666335391e-09
-6.26121001194e-07
4.59601279938e-08
-6.84455075664e-07
1.12230614685e-07
-7.60167562313e-07
1.99268518308e-07
-8.60904694747e-07
3.16738128368e-07
-9.9902406725e-07
4.80644848467e-07
-1.19555327731e-06
7.19057933334e-07
-1.48863931358e-06
1.08488547931e-06
-1.95339114742e-06
1.68766072134e-06
-2.75465182757e-06
2.78490801994e-06
-4.31329639892e-06
5.10381735487e-06
-7.97756708003e-06
1.13868696238e-05
-2.00890896305e-05
3.93967675922e-05
-0.000109764988355
0.000681682471907
0.0122926537499
0.0246243808612
0.0364420953963
0.0479773099024
0.0590208312062
0.0695930256876
0.0795795061512
0.0889643204237
0.0976677202074
0.105666609128
0.112902140326
0.119353540104
0.12497829423
0.129762073643
0.133676787643
0.136716587977
0.138866774084
0.140130957223
0.140507045111
0.140008431943
0.138644852409
0.136439339451
0.133412568053
0.129596702494
0.125022325462
0.119729931565
0.113758825472
0.107156792206
0.0999705311167
0.0922538871399
0.0840595083105
0.0754459240677
0.0664701964011
0.0571940634064
0.0476774118047
0.0379836556801
0.0281738992959
0.0183116857335
0.00845774887168
-0.0013257596646
-0.0109800084373
-0.0204456926369
-0.0296673245938
-0.0385898010176
-0.0471622964731
-0.0553351313503
-0.0630633094727
-0.0703036369211
-0.0770179380249
-0.083170383601
-0.0887304144066
-0.0936702444561
-0.0979675171716
-0.101602955494
-0.10456277314
-0.106836448443
-0.108418911056
-0.109308420989
-0.109508549611
-0.109026149298
-0.1078731465
-0.106064590849
-0.103620277303
-0.100562866525
-0.0969193525128
-0.0927192486542
-0.0879959167665
-0.0827848153921
-0.0771247057611
-0.0710559607009
-0.0646216625929
-0.0578659727414
-0.0508351359161
-0.0435759111673
-0.0361364969903
-0.028565025408
-0.0209104211467
-0.0132209613517
-0.00554508141083
0.00206999705194
0.00957750193275
0.0169324116964
0.0240907219098
0.0310106728376
0.0376520370182
0.0439772712887
0.0499508168244
0.0555401740135
0.0607152076053
0.0654491435289
0.0697178730683
0.0735008714937
0.0767804964819
0.0795428292756
0.08177696387
0.0834757723015
0.0846351824048
0.0852548697262
0.0853375228935
0.0848894655257
0.0839199094266
0.0824415106926
0.0804696120202
0.0780227379727
0.0751218286617
0.0717906798
0.068055170862
0.0639436561048
0.0594861910175
0.054714880923
0.0496631100788
0.0443658547679
0.0388589198108
0.0331792232038
0.0273640450392
0.0214512907551
0.0154787575379
0.00948438310891
0.00350553460364
-0.00242075045799
-0.00825844804489
-0.0139723082268
-0.0195285073914
-0.0248944047341
-0.030039158894
-0.0349334752551
-0.0395501836652
-0.0438639722068
-0.0478519233406
-0.0514932305999
-0.0547696912445
-0.0576654031783
-0.0601672129878
-0.062264391259
-0.063949035688
-0.0652157238561
-0.0660618719167
-0.0664873647572
-0.0664948715637
-0.0660894541356
-0.0652788413884
-0.0640730173712
-0.0624844574694
-0.0605276983918
-0.0582195394617
-0.0555785974695
-0.0526254769824
-0.0493823134922
-0.0458729171107
-0.0421223078687
-0.0381568374968
-0.0340037210409
-0.0296911416437
-0.0252477828342
-0.0207029213231
-0.0160859643952
-0.0114265357116
-0.00675402218612
-0.00209765765354
0.0025139165514
0.00705256544448
0.0114910821601
0.0158030950502
0.0199634682157
0.0239481980177
0.0277347892403
0.0313021376915
0.0346308793885
0.0377032565007
0.0405034375306
0.043017364475
0.0452330425964
0.0471403673333
0.0487313829035
0.0500000881652
0.0509426639479
0.0515572577335
0.051844180256
0.0518056695232
0.0514460578465
0.0507715163407
0.0497901941262
0.0485119450149
0.0469484411541
0.0451128841166
0.043020095718
0.0406862161672
0.0381287751779
0.0353663801939
0.0324187712192
0.0293065024058
0.0260509842429
0.0226741619758
0.0191985489193
0.0156469052639
0.0120422663107
0.00840762521622
0.00476595988556
0.00113992311364
-0.00244812827509
-0.00597643261238
-0.00942378863996
-0.0127698410059
-0.0159950368559
-0.0190808949541
-0.0220099509251
-0.0247660077034
-0.0273340671638
-0.0297005600431
-0.0318532621643
-0.0337815024502
-0.0354760624437
-0.0369293615368
-0.0381353390025
-0.0390896160745
-0.0397893602277
-0.0402334242544
-0.0404221930415
-0.0403577002854
-0.0400434585039
-0.0394845545047
-0.038687463828
-0.0376601265143
-0.0364117475917
-0.034952855076
-0.0332950884784
-0.0314512413021
-0.0294350398527
-0.0272611727623
-0.0249450626242
-0.0225028852786
-0.019951336961
-0.0173076462129
-0.0145893393345
-0.0118142478404
-0.00900027503067
-0.00616540189878
-0.00332745759043
-0.000504126585415
0.00228727430121
0.00502978479068
0.00770701512098
0.0103031285106
0.0128030438803
0.0151924097136
0.0174577935656
0.0195866454365
0.0215674724429
0.0233897901693
0.0250442812383
0.0265227334837
0.0278181815416
0.0289248310825
0.0298381829441
0.030554943065
0.0310731290791
0.0313919659953
0.0315119755694
0.0314348581617
0.0311635655799
0.0307021699166
0.0300559209082
0.0292311028912
0.028235078042
0.0270761328933
0.025763509096
0.0243072411942
0.0227181767833
0.0210078074503
0.019188280381
0.0172722245294
0.0152727558541
0.0132033008776
0.0110775978033
0.00890951967121
0.00671307361806
0.00450222582376
0.00229090113659
9.28119363693e-05
-0.00207853974744
-0.00421002744804
-0.00628889366728
-0.00830290732092
-0.0102403508745
-0.0120901683868
-0.0138419448089
-0.0154860432347
-0.0170135750566
-0.0184165253039
-0.0196877126338
-0.0208209019322
-0.0218107534223
-0.0226529220091
-0.0233439950995
-0.023881578486
-0.0242642227863
-0.024491495972
-0.0245638986445
-0.0244829236162
-0.0242509605327
-0.0238713431982
-0.0233482443305
-0.0226867115819
-0.0218925534597
-0.0209723652265
-0.0199334072355
-0.0187836220897
-0.0175315068195
-0.0161861228405
-0.0147569635406
-0.0132539586911
-0.0116873391067
-0.0100676372408
-0.00840555063416
-0.00671194045325
-0.00499769545325
-0.00327373020497
-0.00155085126262
0.000160243230986
0.00184909355688
0.00350547584295
0.00511952675536
0.00668173648869
0.00818306678377
0.00961493818847
0.0109693402278
0.0122388118315
0.0134165426853
0.0144963459363
0.0154727499766
0.0163409627676
0.0170969535446
0.0177374083409
0.0182598013445
0.0186623414496
0.0189440332394
0.019104614635
0.0191446077178
0.0190652477801
0.0188685244299
0.0185571025683
0.0181343544292
0.017604273213
0.016971496906
0.0162412154762
0.0154191874828
0.014511641895
0.0135252886371
0.0124672162121
0.0113448974349
0.0101660841321
0.00893880938816
0.00767128064755
0.00637187983758
0.00504905622161
0.00371132576451
0.00236716507338
0.00102501134299
-0.000306841325622
-0.00162024012401
-0.00290727362558
-0.00416026694432
-0.00537187712219
-0.00653508418139
-0.00764328082959
-0.00869025848037
-0.00967029044699
-0.0105781121658
-0.0114089972166
-0.0121587311588
-0.0128236798971
-0.0134007567243
-0.0138874827382
-0.0142819468767
-0.0145828582814
-0.0147894993002
-0.0149017698836
-0.014920133715
-0.0148456549071
-0.0146799375988
-0.0144251553903
-0.0140839849091
-0.0136596285781
-0.0131557428029
-0.012576454805
-0.0119262862086
-0.0112101647888
-0.010433344343
-0.00960141229535
-0.00872020681835
-0.00779582130405
-0.00683451975584
-0.00584273917773
-0.00482700428496
-0.00379392887738
-0.00275013091888
-0.00170223394907
-0.000656783557112
0.000379750151671
0.00140105371124
0.00240096581788
0.00337355521111
0.00431311331421
0.0052142280296
0.00607177272727
0.00688097525445
0.00763740262109
0.00833702464925
0.00897619383642
0.00955170320666
0.0100607609739
0.0105010423007
0.010870658531
0.0111682027107
0.0113927133066
0.011543713492
0.0116211694166
0.011625523404
0.0115576469782
0.0114188682575
0.0112109200776
0.0109359619928
0.010596523956
0.0101955234534
0.00973620530819
0.00922215457211
0.00865723311076
0.00804558895688
0.00739159040485
0.00669983259248
0.00597506988489
0.00522222049197
0.0044462979528
0.00365241461674
0.00284571304941
0.00203136920501
0.00121452456466
0.000400289806552
-0.000406321542717
-0.00120038817322
-0.00197714509595
-0.00273197673384
-0.00346047811575
-0.00415844535799
-0.00482193336295
-0.00544724314294
-0.00603097553148
-0.00657001490019
-0.00706157849382
-0.00750319619783
-0.00789275521876
-0.00822847567306
-0.00850895044871
-0.00873311650157
-0.00890028984998
-0.00901013258039
-0.00906268304092
-0.00905831867051
-0.00899778156729
-0.00888213736238
-0.0087127964417
-0.00849146918428
-0.00822018320987
-0.00790123538968
-0.00753720557433
-0.00713090586105
-0.0066853913255
-0.00620390709139
-0.00568989664436
-0.00514694729695
-0.00457879670173
-0.00398927733567
-0.00338232185261
-0.00276190722614
-0.00213205958805
-0.00149679866751
-0.000860142752846
-0.000226054047809
0.000401555630672
0.00101887799051
0.00162220125718
0.00220796126305
0.00277273260936
0.00331327722206
0.00382653322546
0.0043096605484
0.00476002712546
0.00517525121461
0.0055531846227
0.00589195147955
0.00618992827087
0.00644577890186
0.00665843141013
0.006827109242
0.00695130460829
0.00703080598648
0.0070656681712
0.00705623610257
0.00700311174882
0.006907174444
0.00676954481984
0.00659160191241
0.00637494443289
0.0061214049707
0.00583300895642
0.0055119863474
0.0051607286891
0.00478179871671
0.00437788596301
0.00395181474524
0.00350649879724
0.0030449481341
0.00257022320339
0.0020854411309
0.00159372989017
0.00109823443055
0.000602071356344
0.000108335424321
-0.000379944796456
-0.000859799596271
-0.00132836104416
-0.00178285440389
-0.00222063923385
-0.00263919916845
-0.00303618084998
-0.00340938175059
-0.00375678664513
-0.00407655320961
-0.00436704580747
-0.00462681866613
-0.00485464681639
-0.00504950671774
-0.00521060426047
-0.00533735278052
-0.00542939810434
-0.00548659396418
-0.00550902413473
-0.00549697532772
-0.00545095653571
-0.00537166954919
-0.00526002568475
-0.0051171141269
-0.00494421627386
-0.0047427721591
-0.00451439269687
-0.00426082448335
-0.0039839602649
-0.00368580245531
-0.0033684721815
-0.00303417188065
-0.00268519330043
-0.00232387955735
-0.00195263248136
-0.00157387452425
-0.00119005584117
-0.000803616436003
-0.000416993365255
-3.25834955378e-05
0.000347248800775
0.000720207921438
0.00108405850264
0.00143666040251
0.00177595902186
0.00210001870589
0.00240701164528
0.00269524944934
0.00296317040064
0.00320936900026
0.00343258139903
0.00363171276689
0.00380582077651
0.00395414070262
0.00407606688828
0.00417117553487
0.00423920413608
0.00428007197377
0.00429385755861
0.00428081689967
0.00424135904222
0.00417606222884
0.00408564767269
0.00397099377374
0.00383310830927
0.00367314090928
0.00349235388376
0.00329213319607
0.00307395817782
0.00283941126688
0.00259014688521
0.00232790022883
0.00205445560086
0.00177165455389
0.00148136397987
0.00118548391086
0.00088591566884
0.000584569628647
0.000283333725039
-1.5918528162e-05
-0.000311358889497
-0.00060119583699
-0.000883704513751
-0.00115721738678
-0.00142015304828
-0.00167100586025
-0.00190837340419
-0.00213094491905
-0.00233752722756
-0.00252703181248
-0.0026984990866
-0.00285108399257
-0.00298407852487
-0.00309689578042
-0.00318909068348
-0.00326034245695
-0.00331047354379
-0.00333943051148
-0.00334730120533
-0.00333429413956
-0.00330075395786
-0.00324713940327
-0.00317403719848
-0.00308213872216
-0.00297225245485
-0.00284527952078
-0.00270222487449
-0.0025441718937
-0.00237229250581
-0.00218782103888
-0.00199206350578
-0.00178637093609
-0.00157214804842
-0.00135082629593
-0.00112387216411
-0.000892760166564
-0.000658981006394
-0.000424014756662
-0.000189339118582
4.35969867594e-05
0.000273364840851
0.000498581711446
0.000717901748927
0.00093004095027
0.00113376734311
0.00132792495746
0.00151142313577
0.00168325936618
0.00184250758493
0.00198833975406
0.00212001305293
0.00223689011499
0.00233842503737
0.00242418222404
0.00249382117566
0.00254711391985
0.00258392857681
0.00260424539023
0.00260813909689
0.00259579360367
0.00256748322017
0.00252358605745
0.00246456421147
0.00239097598644
0.00230345514298
0.00220272207314
0.00208956224945
0.00196483649934
0.00182945880972
0.00168440586481
0.00153069437528
0.00136939005529
0.00120158465493
0.00102840455976
0.000850987710097
0.000670492009145
0.00048807231304
0.00030488883156
0.000122084368787
-5.92071061045e-05
-0.000237882796295
-0.000412862169525
-0.000583108714997
-0.000747620546096
-0.00090545143427
-0.00105570078765
-0.00119753383874
-0.00133017088504
-0.00145290652929
-0.00156509809111
-0.00166618382244
-0.00175567042391
-0.00183315018329
-0.00189828755589
-0.00195083519976
-0.00199061960543
-0.00201755602745
-0.00203163317459
-0.00203292706257
-0.00202158480046
-0.00199783741373
-0.0019619827858
-0.00191439752271
-0.00185551913018
-0.00178585701109
-0.00170597397709
-0.00161649648741
-0.00151809560977
-0.00141149662335
-0.00129745955625
-0.00117678828616
-0.00105031079087
-0.000918887887426
-0.000783393337594
-0.000644722370052
-0.000503771784491
-0.000361448401391
-0.000218649306744
-7.62703703903e-05
6.48132318907e-05
0.00020373829739
0.000339672668747
0.000471806186246
0.000599369237646
0.000721623272515
0.000837878726869
0.00094748500351
0.00104984768498
0.00114441790111
0.00123070876176
0.00130828405147
0.00137677383281
0.00143586242766
0.00148530316198
0.00152490561353
0.00155454948909
0.0015741711386
0.00158377657583
0.00158342727868
0.00157325238348
0.00155343380985
0.00152421767691
0.00148589880835
0.00143883143519
0.00138341315218
0.00132009498631
0.00124936488882
0.00117175726076
0.00108783607597
0.000998203964406
0.000903485069791
0.000804333798363
0.000701417520262
0.000595425095517
0.000487049530898
0.000376996396152
0.000265966547907
0.000154664547586
4.37815610137e-05
-6.59961148197e-05
-0.000174003873334
-0.000279590062377
-0.000382132431828
-0.0004810290971
-0.000575714527742
-0.00066565013023
-0.00075033970451
-0.00082931957867
-0.000902173473853
-0.00096852213753
-0.00102803757185
-0.0010804321273
-0.00112547206497
-0.00116296608801
-0.001192778224
-0.00121481578746
-0.00122904158426
-0.00123546131394
-0.00123413511333
-0.00122516442246
-0.00120870289914
-0.00118494278606
-0.00115412524147
-0.00111652625792
-0.00107246646602
-0.00102229666633
-0.000966407173499
-0.000905213032175
-0.000839162977186
-0.000768724411617
-0.000694392064957
-0.000616672816826
-0.000536094139089
-0.000453188851712
-0.000368503436802
-0.000282582813879
-0.0001959786135
-0.000109234057872
-2.28922792974e-05
6.25186114187e-05
0.000146477080924
0.000228482840071
0.000308048199835
0.000384712403365
0.000458032715432
0.000527598358654
0.000593021279474
0.000653949637475
0.000710058201483
0.000761061351953
0.000806703072248
0.000846769435866
0.00088107816998
0.000909490611472
0.000931900832121
0.000948247059693
0.000958500366411
0.000962675563463
0.000960819466267
0.000953021282351
0.000939400478195
0.000920116691272
0.000895357233597
0.00086534656853
0.000830333495403
0.000790600240266
0.000746449373849
0.000698212572601
0.000646237328667
0.000590895443165
0.000532569591647
0.000471661615526
0.000408579009591
0.00034374307973
0.000277575420453
0.000210506007571
0.000142959733333
7.53645015497e-05
8.13788595907e-06
-5.83047075573e-05
-0.000123563197324
-0.000187244536228
-0.000248975625775
-0.000308394844374
-0.000365164668396
-0.000418962970644
-0.000469495305133
-0.000516485935881
-0.000559689750438
-0.000598882987823
-0.000633874754782
-0.000664497430911
-0.00069061777104
-0.000712126975102
-0.000728951369606
-0.000741042139415
-0.000748385590799
-0.000750992551691
-0.000748908228054
-0.000742201288196
-0.000730973332912
-0.000715347687835
-0.000695478515828
-0.000671539348957
-0.000643731878715
-0.000612274265819
-0.000577409649947
-0.000539394281057
-0.000498505795214
-0.000455031215439
-0.000409275043843
-0.000361547183001
-0.00031217089694
-0.000261470705685
-0.000209780268633
-0.000157430305233
-0.000104756453909
-5.20872708398e-05
2.47884058246e-07
5.19307205635e-05
0.000102646056463
0.00015209351695
0.000199979452589
0.000246028422938
0.000289974954505
0.000331574772287
0.000370596363891
0.000406831928874
0.000440088721734
0.000470199695718
0.000497014604407
0.000520410323875
0.000540281699931
0.000556551539941
0.000569161200276
0.000578080246561
0.000583296783299
0.000584826788642
0.000582704195341
0.000576989913118
0.000567761676862
0.000555122776201
0.000539191693069
0.000520110563938
0.000498034634386
0.000473140484544
0.000445615332986
0.000415665060181
0.00038350339777
0.000349359788089
0.000313468497689
0.000276076353247
0.000237431819919
0.000197792655182
0.000157414993316
0.000116560958865
7.5487798208e-05
3.44554934878e-05
-6.28401914847e-06
-4.64791961303e-05
-8.58895442601e-05
-0.000124277891546
-0.0001614208869
-0.000197101162533
-0.000231117645354
-0.000263277582517
-0.000293406638913
-0.000321340762318
-0.000346936046487
-0.000370060417675
-0.000390603248326
-0.000408466852387
-0.000423575840322
-0.000435868416425
-0.000445305471716
-0.000451861682295
-0.000455534342438
-0.000456334268728
-0.000454294381246
-0.000449460423649
-0.000441899305609
-0.000431689654037
-0.000418929934732
-0.00040372885449
-0.000386213284164
-0.000366518535341
-0.000344796110606
-0.00032120388172
-0.000295913695765
-0.000269101484252
-0.000240954755927
-0.000211662667961
-0.00018142343749
-0.000150434406921
-0.00011889940678
-8.70188472454e-05
-5.49970645427e-05
-2.3032470101e-05
8.67508837577e-06
3.99340902109e-05
7.05539367211e-05
0.000100354599245
0.000129159143374
0.000156803236795
0.000183127579123
0.000207987248008
0.000231244014516
0.000252775509777
0.000272467409865
0.000290222409434
0.000305952264348
0.000319586563145
0.000331064620167
0.000340344040209
0.00034739245943
0.000352195903091
0.000354750376016
0.000355070017747
0.000353178548671
0.00034911723112
0.000342936181352
0.000334702149045
0.000324489709026
0.000312388875111
0.000298496188768
0.000282922186272
0.000265782404259
0.000247204721669
0.00022732030435
0.000206270845156
0.000184199471371
0.000161257907626
0.000137597370867
0.000113375681412
8.87481705364e-05
6.38747649893e-05
3.89109319752e-05
1.40147618577e-05
-1.06620255923e-05
-3.49669767764e-05
-5.87558143517e-05
-8.18852893064e-05
-0.000104221986963
-0.000125635115994
-0.000146005192382
-0.000165216748474
-0.000183166879774
-0.00019975786013
-0.000214905539376
-0.000228531854015
-0.000240573067089
-0.00025097216717
-0.000259686945324
-0.000266682278749
-0.000271938043253
-0.00027544128141
-0.000277193952459
-0.000277204988281
-0.00027549788601
-0.000272102658415
-0.000267063277641
-0.000260429529623
-0.000252264320259
-0.000242635446172
-0.000231622777159
-0.000219309957959
-0.000205791482937
-0.000191164345432
-0.000175535022331
-0.000159011089027
-0.000141708132737
-0.000123741352077
-0.000105232418712
-8.63010810219e-05
-6.70719938916e-05
-4.76663459271e-05
-2.82086769335e-05
-8.81854763507e-06
1.03826363493e-05
2.9279894286e-05
4.77578222224e-05
6.57087856539e-05
8.30260312402e-05
9.96117875067e-05
0.000115370322265
0.000130215938585
0.000144065966028
0.000156848641483
0.000168496024791
0.000178951756582
0.000188163891506
0.000196092527904
0.000202702554587
0.000207971149924
0.000211880440873
0.000214424871824
0.000215603777303
0.000215428623574
0.000213915499062
0.000211092234266
0.00020699081638
0.000201654395406
0.000195129631695
0.000187473598235
0.000178746071786
0.000169016343115
0.000158355464026
0.000146842978806
0.000134559140734
0.000121591579086
0.00010802749966
9.39603024083e-05
7.94817810342e-05
6.46887066892e-05
4.96750418406e-05
3.45385054153e-05
1.93728159197e-05
4.2742529928e-06
-1.06660558404e-05
-2.5355563016e-05
-3.97079571023e-05
-5.36365669571e-05
-6.70619486316e-05
-7.99052541415e-05
-9.20957384349e-05
-0.000103564082725
-0.000114249812604
-0.000124094567731
-0.000133049424109
-0.000141068103922
-0.000148114197044
-0.000154154306933
-0.000159165168563
-0.00016312672843
-0.000166029158258
-0.000167865869309
-0.000168640423326
-0.000168359483415
-0.000167039625736
-0.000164700231187
-0.000161370203234
-0.000157080806468
-0.000151872297677
-0.00014578671895
-0.000138874450618
-0.000131186967959
-0.000122783325881
-0.000113722889423
-0.000104071761042
-9.38954959363e-05
-8.32654834974e-05
-7.22516590409e-05
-6.09288513737e-05
-4.93695027654e-05
-3.76499946827e-05
-2.5843387777e-05
-1.40257376372e-05
-2.26886622702e-06
9.35332097885e-06
2.07720212939e-05
3.19172056863e-05
4.27247528738e-05
5.31300985707e-05
6.30753085366e-05
7.25026977829e-05
8.13618350263e-05
8.96031248112e-05
9.71847372671e-05
0.000104066147617
0.000110214986704
0.000115600533967
0.000120200485843
0.000123994399954
0.000126970380169
0.000129118471423
0.000130437261883
0.000130927229473
0.000130597263207
0.000129457964061
0.000127528089072
0.00012482781067
0.000121385088534
0.000117228892844
0.000112395510132
0.000106921737059
0.000100851127579
9.42271648167e-05
8.70994577093e-05
7.95168993275e-05
7.15338218082e-05
6.32031499729e-05
5.45825237793e-05
4.57274563959e-05
3.66974335697e-05
2.75490853744e-05
1.83422718371e-05
9.13327740369e-06
-1.91081163387e-08
-9.06036371375e-06
-1.79341523582e-05
-2.65890557348e-05
-3.49724776813e-05
-4.30373322259e-05
-5.07359282866e-05
-5.80266046839e-05
-6.48675901244e-05
-7.12235799424e-05
-7.70595665275e-05
-8.23473537344e-05
-8.70593541401e-05
-9.11750383198e-05
-9.4674696604e-05
-9.75458217151e-05
-9.97768340013e-05
-0.000101363397235
-0.000102302107597
-0.000102596743721
-0.000102251920955
-0.000101279277957
-9.96910989588e-05
-9.75064403468e-05
-9.47447247367e-05
-9.14318120157e-05
-8.75935699934e-05
-8.32618952743e-05
-7.84682660764e-05
-7.32497190426e-05
-6.76423904814e-05
-6.16874558015e-05
-5.54246659164e-05
-4.88982563865e-05
-4.21504860388e-05
-3.52275231154e-05
-2.8172993286e-05
-2.1033850135e-05
-1.38539396878e-05
-6.67986242239e-06
4.4543880228e-07
7.47681834221e-06
1.43733099474e-05
2.10922615748e-05
2.75956817352e-05
