100000000.0
0.005
0.005
100.0 0.0813879838243 0.0270013912279
200.0 0.0760156413924 0.0229183870339
300.0 0.0389345089594 0.0142296927621
400.0 0.00944874479656 0.00745051397163
500.0 0.013663066711 0.00669482809208
600.0 0.0115839291582 0.00668350264408
700.0 0.00656203154122 0.00493192846991
800.0 0.00876795115787 0.00427206984265
900.0 0.00556190372037 0.00419324253622
1000.0 0.00469032247697 0.00364247908699
1100.0 0.00488897357909 0.00333361985393
1300.0 0.00413566151862 0.00294604085504
1400.0 0.00388343579023 0.00265396334276
1600.0 0.00441173228609 0.00248367891654
1800.0 0.00417553106062 0.00235269522758
2000.0 0.00397322129436 0.00221732817532
2200.0 0.0039698591798 0.00208444922772
2500.0 0.00405706086784 0.00184106410462
2800.0 0.00342322828315 0.00180505460889
3200.0 0.00320810923221 0.00186091204135
3500.0 0.00341358209869 0.00153860279531
4000.0 0.0035591631024 0.00162655611588
4500.0 0.0030916831201 0.00138020757894
5000.0 0.00333738475442 0.00134901811727
5600.0 0.00309604831565 0.00132936773474
6300.0 0.00300057561756 0.00113217523972
7100.0 0.003053533815 0.00101562069906
7900.0 0.00304492937849 0.000936082925957
8900.0 0.00304750816048 0.00101935323529
10000.0 0.00315514005423 0.00099491350353
11200.0 0.00362402470985 0.000976555575287
12600.0 0.00332047611735 0.000945373896558
14100.0 0.0030647559431 0.000951798089865
15800.0 0.00346306345966 0.000811757112593
17800.0 0.00379032760582 0.000852849729198
20000.0 0.00373300866639 0.000734172258838
22400.0 0.00375413613138 0.000725727169147
25100.0 0.00407656986095 0.000659334900563
28200.0 0.00420746579307 0.000838295063984
31600.0 0.00443670107876 0.00108985639484
35500.0 0.00462461045245 0.00133162039864
39800.0 0.00467051142827 0.00188097395248
44700.0 0.00461678713205 0.00147275709113
50100.0 0.00477310360148 0.00192446229726
56200.0 0.00440426908555 0.00103005185882
63100.0 0.00393195347032 0.000243226598946
70800.0 0.00349743565031 0.000411223905795
79400.0 0.00338385132558 0.000137122941775
89100.0 0.0029660603796 0.000131254658753
100000.0 0.00609954755827 0.00446685023506
112200.0 0.0022110800508 8.13792056661e-05
125900.0 0.0019634078515 7.90702753663e-05
141300.0 0.00160286299459 0.000138054746945
158500.0 0.000989314345833 6.17182398601e-05
177800.0 0.000890477209244 6.28962053581e-05
199500.0 0.00245372428122 5.82986158182e-05
223900.0 0.00101734170674 5.61987456323e-05
251200.0 0.000636842883492 4.96508585354e-05
281800.0 0.000743764273495 7.40596123956e-05
316200.0 0.000653592388514 4.83102541209e-05
354800.0 0.000528327944722 4.31903378733e-05
398100.0 0.00059783438607 4.29715169097e-05
446700.0 0.000456609296992 4.04419636106e-05
501200.0 0.000553977516635 0.00040879425527
562300.0 0.000411688331 4.25492002985e-05
631000.0 0.000806278130585 4.70987887016e-05
707900.0 0.00040181780523 3.61253331449e-05
794300.0 0.00039451486027 4.01236846045e-05
891300.0 0.000357211504937 3.82659281021e-05
1000000.0 0.000464143960796 0.000271599197221
1122000.0 0.000385599747571 4.08779557811e-05
1258900.0 0.000422158550953 4.24652363419e-05
1412500.0 0.000364440433279 3.94055640373e-05
1584900.0 0.000326093007814 3.57904929464e-05
1778300.0 0.000360960618867 3.7506896922e-05
1995300.0 0.000346587175008 4.1728751172e-05
2238700.0 0.000320708877375 3.94278095496e-05
2511900.0 0.000330353436988 3.5219426259e-05
2818400.0 0.00036670993389 3.80183775924e-05
3162300.0 0.000353102546636 3.69605552069e-05
3548100.0 0.000337800550723 3.53488621641e-05
3981100.0 0.000329329601992 3.86457316464e-05
4466800.0 0.000326922224252 3.49619745684e-05
5011900.0 0.000329887663458 3.56192125553e-05
5623400.0 0.000299877484735 3.24429214672e-05
6309600.0 0.000297685400036 3.16472132263e-05
7079500.0 0.000285992933686 3.92059183776e-05
7943300.0 0.000277721821918 3.42588109436e-05
8912500.0 0.00023820029666 3.2433767887e-05
10000000.0 0.00178278144042 0.000154987697643
