7.529411764705808e-12
180
106250000000.0
-0.03824090205322488
-0.0017673798447067645
-0.017308775197736305
-0.020241791812191216
0.02217477302791107
0.02734412559927596
0.01573951084549432
0.00956169284179282
0.0062909651783776815
0.004425108935951537
0.0029912201348524705
0.0019710483038461765
0.0013003169133326456
0.0008574162609356506
0.0005679674487956023
0.0003765542968370654
0.0002515539682546589
0.00017030850639692806
0.00011770543729302626
8.377263321941009e-05
6.192094771706704e-05
4.788450769450259e-05
3.887191252811495e-05
3.30818895130429e-05
2.9351877069567985e-05
2.693562218227651e-05
2.5355638255857397e-05
2.4307044304530754e-05
2.3595772592492288e-05
2.3098476714389387e-05
2.273693394478916e-05
2.2461581506475253e-05
2.2241056462364128e-05
2.205552212661805e-05
2.189243350123192e-05
2.174386758034965e-05
2.160481727146101e-05
2.147210097776177e-05
2.134370346416206e-05
2.12183585978206e-05
2.1095256746090954e-05
2.0973876625940377e-05
2.0853887758468237e-05
2.0735078429076104e-05
2.061731116770648e-05
2.050049522459993e-05
2.0384566409073134e-05
2.0269483753171126e-05
2.015521600006351e-05
2.0041747289784706e-05
1.992905370405072e-05
1.9817123706633574e-05
1.970595429554609e-05
1.9595531594805872e-05
1.948584353733136e-05
1.937688594226174e-05
1.926865134773346e-05
1.916113383783978e-05
1.9054326973746602e-05
1.8948220698445097e-05
1.8842811681028725e-05
1.873809126332281e-05
1.8634051211320552e-05
1.8530694959228816e-05
1.842801015986229e-05
1.8325988553072353e-05
1.8224629145464232e-05
1.812392554169509e-05
1.8023873211621524e-05
1.7924465706126125e-05
1.782569957753405e-05
1.7727567804035243e-05
1.7630063007147167e-05
1.753318516139801e-05
1.743692573931275e-05
1.7341283755259905e-05
1.7246251226460266e-05
1.7151823620373124e-05
1.705799730363362e-05
1.6964760042608872e-05
1.687211617056428e-05
1.6780065808866364e-05
1.6688597000551276e-05
1.6597709488786254e-05
1.6507393670414514e-05
1.6417645520863504e-05
1.632846309843415e-05
1.6239843179339468e-05
1.615177925261472e-05
1.6064272447958034e-05
1.597731384404692e-05
1.5890891587204658e-05
1.5805013021335067e-05
1.571967978338262e-05
1.563488089457499e-05
1.5550603881487166e-05
1.546684934643645e-05
1.538362222792458e-05
1.530091906011472e-05
1.5218730397445791e-05
1.5137047274484828e-05
1.5055865814507448e-05
1.4975191515385888e-05
1.4895026375772672e-05
1.4815359810872296e-05
1.4736178904629175e-05
1.465748753105098e-05
1.4579288151390173e-05
1.4501573044067648e-05
1.4424331377166194e-05
1.4347566618922294e-05
1.4271276420255649e-05
1.4195457552794519e-05
1.4120102898932766e-05
1.4045214166285841e-05
1.3970791277321593e-05
1.3896824244759956e-05
1.382330862474613e-05
1.3750242123990405e-05
1.367762307842075e-05
1.3605449686976882e-05
1.3533723070493628e-05
1.346243199046462e-05
1.3391573926657993e-05
1.3321152729750904e-05
1.3251161653122097e-05
1.3181593744052945e-05
1.3112452687196282e-05
1.3043736440639428e-05
1.2975434816346838e-05
1.290755065841831e-05
1.2840081443111917e-05
1.2773020653991526e-05
1.2706365923840447e-05
1.2640113120136408e-05
1.257426528721445e-05
1.250882516979042e-05
1.244377818155716e-05
1.2379115557351593e-05
1.2314848639551873e-05
1.2250973621604247e-05
1.218748574693721e-05
1.212438005772267e-05
1.206165538061226e-05
1.1999310943100117e-05
1.1937341876281382e-05
1.1875749025567266e-05
1.1814523277860966e-05
1.1753666143089829e-05
1.1693173128746668e-05
1.1633040353033086e-05
1.1573272682560547e-05
1.1513865952648533e-05
1.1454816092550697e-05
1.1396122505064192e-05
1.133777612657959e-05
1.1279782926091273e-05
1.1222138163712356e-05
1.116482914678647e-05
1.1107869592059216e-05
1.105125081935319e-05
1.099496666930991e-05
1.0939020899882866e-05
1.0883408507721439e-05
1.0828128721459668e-05
1.0773175766702345e-05
1.0718547805667349e-05
1.0664248115024328e-05
1.0610270417460539e-05
1.0556614511070093e-05
1.050327550632021e-05
1.0450254120782338e-05
1.0397546566242087e-05
1.0345146586815e-05
1.0293059767452017e-05
1.0241284319505082e-05
1.01898104178505e-05
1.0138644170582849e-05
1.008778081927468e-05
1.0037215157766799e-05
