1.49558302178e-08
1345
40000000000.0
-0.00960654957586
0.0160396682061
0.0296856885687
0.0404952989492
0.0518792369479
0.0602565843815
0.0648136270669
0.0699179239485
0.0771433710517
0.0824015012088
0.0836719169244
0.0849904269688
0.0880039930562
0.0845443142834
0.0644727152124
0.0295968631875
-0.00620704222932
-0.0313636470337
-0.0463397976149
-0.0578808146428
-0.0687150387042
-0.0768907202501
-0.0821206862664
-0.0871983660166
-0.0930434358297
-0.097059186825
-0.0981158867112
-0.0989940271485
-0.100295944473
-0.0949054985123
-0.0741590511311
-0.0397993596662
-0.00483988782615
0.0195167015852
0.033993354695
0.045824722264
0.0575554430649
0.0662694386555
0.0714496448925
0.076836005184
0.0837408280732
0.088564349102
0.0895300009865
0.0904140703859
0.0928383887364
0.0888776986474
0.0683255760167
0.0329182977412
-0.00292870209606
-0.0272331545638
-0.0412629431398
-0.0529082558369
-0.0646372046284
-0.0732327779449
-0.0781636080529
-0.0831875220121
-0.0895243100676
-0.0937545944879
-0.0945415415343
-0.0956098962353
-0.0977844889082
-0.0926311845545
-0.0706884229378
-0.0349289690882
0.000118299257046
0.0235331132127
0.0372036027416
0.048530595789
0.0596779799838
0.0680704366534
0.0734454568245
0.0786615300971
0.0846106021225
0.0891985414575
0.0915935143283
0.0935849125993
0.096101695662
0.0978546647649
0.098440956013
0.0996308197522
0.102175948033
0.104151598118
0.104100516541
0.103277739059
0.103052969141
0.102696586107
0.101798526345
0.102111361165
0.104283318725
0.105574383443
0.104329192489
0.103602702909
0.104784007511
0.0996699410199
0.0768423510391
0.0376399068853
-0.00132163376326
-0.0255242703221
-0.0369213388082
-0.0463889433062
-0.057592059058
-0.0659259892442
-0.0700194947781
-0.0746343737121
-0.0815328006402
-0.0862233738675
-0.0867462442746
-0.0878053289136
-0.0908339727964
-0.0863460429586
-0.0640425757498
-0.0278475910512
0.0065554496103
0.0286998432175
0.0415135306267
0.0523800740435
0.0629892575749
0.0709756635788
0.0763160957493
0.0813415378616
0.0866267896304
0.090732212723
0.093204085546
0.0950642232727
0.0967971539023
0.0980371967016
0.0990184146927
0.100555300994
0.102624170589
0.104272512653
0.104892360374
0.104639302919
0.103868734114
0.103059912815
0.102944115917
0.103775360461
0.104767427366
0.10508072113
0.105011879835
0.105382663796
0.106177578595
0.106735209798
0.106948924059
0.107259011985
0.107643610755
0.107616257745
0.107184562316
0.106913562482
0.107006732897
0.107108982948
0.107076294644
0.107212825092
0.107653887333
0.108133276893
0.108450580605
0.108637354844
0.108656658335
0.10846087554
0.108329479276
0.108615265173
0.109191049629
0.109657199221
0.110012692997
0.110547438878
0.111171598799
0.11151078345
0.111634884795
0.11199519346
0.112594853182
0.112917242262
0.11278996944
0.112645229855
0.112767834455
0.112944902853
0.113060686298
0.11338004972
0.113956658745
0.114345148371
0.114227469542
0.113847576375
0.113557835836
0.113394144167
0.11333071654
0.113477079668
0.113772572188
0.113918244332
0.113819002594
0.113688348345
0.113616053512
0.113515809191
0.113540614561
0.113933395815
0.114399012249
0.11433991387
0.113837149831
0.113619684926
0.113905731388
0.11413690136
0.114069298137
0.114167723828
0.114605605706
0.114873419679
0.114765985367
0.1147382285
0.114892426261
0.114739620402
0.11437808642
0.114597061322
0.115290523897
0.115270646788
0.11434255338
0.113868811868
0.11438659784
0.114605681969
0.113954300038
0.113868845341
0.114889591321
0.115031302302
0.113378448073
0.11222372538
0.111580905153
0.104056997928
0.0812384749567
0.0454431638493
0.00976347508709
-0.0151364424784
-0.0299270715198
-0.0409445916979
-0.050873395174
-0.0586416969444
-0.0645696473367
-0.0705636329248
-0.0765697754025
-0.0808644178421
-0.0834197848224
-0.0859240496631
-0.0888355516729
-0.0911338514006
-0.0927709334117
-0.0948627204457
-0.0974230382099
-0.0990995583426
-0.099335234166
-0.0989865824476
-0.0987404056638
-0.0985818936515
-0.0988232678792
-0.0999870207113
-0.101574808352
-0.102471683733
-0.102675945995
-0.103219187624
-0.104342495635
-0.105178770607
-0.105333462886
-0.105371803392
-0.105583293887
-0.105593333457
-0.105405906846
-0.105575106356
-0.106130575078
-0.106498125677
-0.106659280333
-0.107219715033
-0.108166561464
-0.108731323931
-0.108693396707
-0.108683470677
-0.109020455837
-0.109382421147
-0.109771251401
-0.110566828778
-0.111440123994
-0.111513823975
-0.110892942539
-0.110717060474
-0.111353965008
-0.11189440631
-0.111852044125
-0.111915415653
-0.112447741585
-0.112698102722
-0.112248594195
-0.111855847797
-0.112049987839
-0.112250978135
-0.112105138114
-0.112245933303
-0.11281007236
-0.11277080141
-0.11185023654
-0.111398472618
-0.112066545735
-0.112468332684
-0.111779291751
-0.111540254257
-0.112714203556
-0.113296427455
-0.1118286561
-0.110567091583
-0.110258144755
-0.103513454078
-0.0804282038382
-0.042406754577
-0.00426980836877
0.0208740065503
0.0341590726113
0.0446591303871
0.0557034187927
0.0638733249169
0.0684545487975
0.0736329265173
0.080785376703
0.085899831065
0.0871233750071
0.0883099785186
0.0904981483497
0.0851330588304
0.0627658635953
0.0268074207975
-0.00789530895905
-0.0306495494686
-0.0437375104086
-0.0546538195705
-0.0654739228473
-0.0736187736107
-0.0788160546527
-0.0837494278019
-0.0891353552245
-0.0929676061828
-0.0947230903197
-0.09640951528
-0.0989013436963
-0.100746005693
-0.101510023473
-0.102988159363
-0.105767659851
-0.107700077772
-0.107457015269
-0.106700899393
-0.106887137839
-0.106903951031
-0.106096999007
-0.106427012055
-0.10874597648
-0.110214168323
-0.109057888061
-0.108212514153
-0.10870379242
-0.102313551344
-0.0787157507465
-0.0403007903611
-0.00270897988963
0.0216545101307
0.0347595130772
0.0452178537013
0.0559168539591
0.0642431276846
0.0697634906335
0.0751318421249
0.0810033966174
0.0854112973753
0.0878803738445
0.0901058356989
0.0926482579334
0.0943896480954
0.095341308989
0.0969802687929
0.0995157206112
0.101350138777
0.101574291286
0.100908243783
0.100051067009
0.0990917954305
0.0986340822047
0.0995387368659
0.101321893086
0.102516067404
0.102781054115
0.103099864465
0.103868563382
0.104420079208
0.104513816778
0.104682715026
0.104940237185
0.104673168992
0.104022723255
0.103921954816
0.104530629644
0.105008818001
0.105074866895
0.105428975142
0.106331217939
0.107056528147
0.107142440465
0.107025105004
0.107079875041
0.107105854309
0.107096739471
0.107489776511
0.108292306103
0.108894959228
0.109062037783
0.109230470753
0.109594724217
0.109796030613
0.109760908692
0.109936000925
0.110418464432
0.110710986565
0.110609775944
0.110506545609
0.110587828838
0.110582550924
0.110529118886
0.110892220272
0.111643979143
0.112112128889
0.112050108052
0.111978258892
0.112166068851
0.112204230702
0.111954904193
0.111956866322
0.11242663502
0.112786512799
0.112693286653
0.112608277043
0.112836025557
0.112975796978
0.112885232849
0.113088879728
0.113569949099
0.113380776612
0.112316615741
0.11164675536
0.112098700229
0.112574054434
0.112221967986
0.112097640212
0.112895165822
0.112971814454
0.111303582418
0.110140677346
0.110116726505
0.103939727825
0.0816048243487
0.0440658496211
0.0060410644297
-0.0188169467814
-0.0313610722012
-0.0412509893556
-0.0523750278687
-0.0609346974352
-0.0655379193493
-0.070366039046
-0.0771082729343
-0.0816921101801
-0.0823122377856
-0.0835103350614
-0.086731467954
-0.0825929248301
-0.0605409132793
-0.0240969050601
0.0109704349994
0.0336758620225
0.0466711049918
0.0575058876011
0.0680456875498
0.075933991925
0.0812299051365
0.0863754758816
0.0917710105193
0.0957000179189
0.0978491466099
0.0996590231288
0.101607102938
0.102865909581
0.103529601764
0.104837229139
0.107024658429
0.108826879718
0.109339417845
0.108906299098
0.108109644231
0.107278838549
0.107017427925
0.107842686467
0.109187885287
0.109962787013
0.110108803937
0.110439157493
0.111069849054
0.111354189986
0.111298820276
0.11158225713
0.112091394066
0.111945822161
0.111167408691
0.110811707458
0.111142994562
0.111235604821
0.110790913082
0.110746738866
0.111494643756
0.112080716006
0.111898808917
0.111650580415
0.111836617722
0.111858830346
0.111483131859
0.111559766491
0.112292453871
0.112523173112
0.111874359226
0.111728413286
0.112713998887
0.113311267979
0.112664487926
0.112446271611
0.113657079953
0.114168999604
0.112543965532
0.11133197988
0.11154018474
0.105809213987
0.0841285010554
0.0475474632565
0.010084387123
-0.0157546415381
-0.0304656500481
-0.0417168227396
-0.052583744308
-0.0609003250987
-0.0664996567768
-0.0722707778974
-0.0787812939393
-0.0835081179051
-0.0858279915323
-0.0881778600461
-0.0915869800899
-0.0942295344213
-0.0954036401641
-0.0970175503409
-0.099766469286
-0.101479499299
-0.100946039883
-0.100012113754
-0.100070068584
-0.0998606022843
-0.0988649379737
-0.0992706726446
-0.101790609375
-0.103217802234
-0.101772560404
-0.100906697465
-0.102138620721
-0.0970517207196
-0.0744238374635
-0.035975693324
0.0021897833371
0.0266307625007
0.0392566169596
0.0496274030967
0.0607172918867
0.0686860513383
0.0728979669079
0.0777851423805
0.0846987583066
0.0894041405612
0.0900702857505
0.0911375637512
0.0944053163452
0.0911485940649
0.0703899014738
0.0341053133202
-0.0023810167441
-0.0265546199456
-0.039935674389
-0.050949951089
-0.0623076831098
-0.0707350446416
-0.075635438533
-0.0807318980167
-0.0871018295927
-0.0911709817498
-0.091645104326
-0.0923898878366
-0.0942434633578
-0.0887945736505
-0.0668385017879
-0.0315279519789
0.00294211149498
0.0261479904187
0.0399202652916
0.0512386096617
0.062311057013
0.07100281319
0.0769740596821
0.0824728762612
0.0882682434451
0.0927632605918
0.0951619934745
0.0966839087387
0.098352290278
0.0998262576308
0.100859794295
0.102096792031
0.103822695894
0.105274630796
0.105716766318
0.105257451427
0.104365502145
0.103486614835
0.103221765385
0.103928428356
0.1050269375
0.105586339625
0.105616707328
0.105885388628
0.106524885781
0.106905562818
0.106914602726
0.107189614704
0.107853498077
0.108152982072
0.107728770051
0.107236771697
0.107263899936
0.107534410767
0.107664285906
0.10787215121
0.108407080878
0.108961978617
0.109169611798
0.109135314384
0.109090218345
0.10904127799
0.109051125244
0.109307945881
0.109689037955
0.109843524583
0.109860898947
0.110186829833
0.110772202187
0.111117605328
0.111264714252
0.111780906721
0.112576423189
0.112837175555
0.112426119003
0.112181713914
0.112445561829
0.112586510456
0.112449300897
0.112806198288
0.113694989095
0.113917057258
0.11308772794
0.112486323565
0.112772252986
0.112768663742
0.111932036096
0.111811454623
0.113067810252
0.113513058293
0.111893170236
0.110708770828
0.110601945525
0.104025414259
0.0813258871708
0.0441806287793
0.00693589973028
-0.0181170451989
-0.0319476828263
-0.0425130217396
-0.0528579541359
-0.060720395303
-0.0659852021198
-0.0716099457396
-0.0780481990911
-0.0826182819229
-0.0847373262079
-0.0869785708699
-0.0903207366711
-0.09277877381
-0.0936836617878
-0.0951142705345
-0.0977368869028
-0.0991989764534
-0.098355438383
-0.097381085588
-0.0977751986533
-0.0979606077262
-0.097088837593
-0.0973949917697
-0.0998787213224
-0.101508766827
-0.100395672166
-0.0996191101447
-0.100366493163
-0.0944780079974
-0.0715924600993
-0.0338638930109
0.00342377274913
0.0279253678924
0.0412779699898
0.0518289319051
0.0625105536672
0.0707595687852
0.0760823812488
0.0812370648686
0.087066257135
0.0914623438352
0.093673471151
0.0955753529802
0.0981424782482
0.100106422075
0.100901937731
0.101941511055
0.103941388498
0.105519741051
0.105544602123
0.104741276219
0.104027315955
0.103306636114
0.102815410756
0.103580000558
0.10548481501
0.106849954085
0.106966549617
0.107103241855
0.108004588554
0.108571874589
0.108207275679
0.108143956181
0.108988013986
0.109341765842
0.108557378573
0.108318216054
0.109475995117
0.110076562724
0.108998864896
0.108561676411
0.110335034136
0.111586200133
0.110073686686
0.108826092702
0.109716884499
0.10463331886
0.0818433919603
0.0426076109429
0.00358167951431
-0.0209623025826
-0.0330552445538
-0.0430769581909
-0.0544110891719
-0.062954429414
-0.0676485160877
-0.072682970823
-0.0795294039063
-0.0844598570473
-0.085839243246
-0.0872938674752
-0.0897775336794
-0.0854319707618
-0.0652373409272
-0.0313808067703
0.00305360945798
0.0272664033001
0.0417451968789
0.0530312624916
0.0638116254775
0.0719762737871
0.0770521183137
0.0820455323016
0.0881397826026
0.0924204911638
0.0933699711053
0.0941842375731
0.0960441919076
0.0913363725609
0.0704317377463
0.0353100254632
0.000164049358946
-0.0235299016069
-0.037341495097
-0.0488979525397
-0.06034063222
-0.0686907688495
-0.0736535433532
-0.0785275746877
-0.0843912191023
-0.0888789667927
-0.0909915854152
-0.092714246378
-0.0952272186808
-0.0972950388805
-0.0983161072661
-0.0996452437534
-0.101798162784
-0.103214664794
-0.102965926712
-0.102225515076
-0.102035363802
-0.101936499814
-0.101734174046
-0.102285985789
-0.103554950885
-0.104156631352
-0.103818840396
-0.104024232186
-0.105256691065
-0.106032915979
-0.105724927981
-0.105769025003
-0.106806174516
-0.107342200165
-0.106770343992
-0.106881868187
-0.108525034238
-0.109729758913
-0.109364205011
-0.109484981216
-0.111298146522
-0.112224723929
-0.110593021911
-0.10940226823
-0.109806340311
-0.103757968286
-0.0809247315363
-0.0432904392692
-0.00589441461297
0.0190421930226
0.0329914054143
0.0438981947297
0.0544728051184
0.0624464956775
0.0678042924709
0.0733680938189
0.0796668931796
0.0844359792442
0.0870112969758
0.089238858237
0.0919558668268
0.0940013423729
0.0950567067245
0.096495918037
0.098808453815
0.100636579202
0.101027621469
0.100648033268
0.100273629287
0.0999173500496
0.0998770634855
0.100867969611
0.102599976116
0.103790590002
0.104040752838
0.104265767265
0.104954257294
0.105499206339
0.105601817998
0.10582710679
0.106333146022
0.106483293515
0.106163111179
0.106102912893
0.106483248022
0.10661430547
0.106393712153
0.106619664337
0.107411318578
0.107829369931
0.107573436234
0.107512143337
0.107986848782
0.108227073247
0.108056972086
0.108403355762
0.109364190139
0.109691160973
0.109110849311
0.109074540203
0.110057519751
0.11042856586
0.109521229095
0.109238974317
0.110518870179
0.11104414662
0.109406074227
0.108270363384
0.108473471539
0.102276722652
0.0796270314235
0.0421731299402
0.0047719084667
-0.0198472148565
-0.0329944139905
-0.043443984466
-0.0543474300766
-0.0624996629446
-0.0671878965392
-0.0721859577938
-0.0788436802999
-0.083753581892
-0.0852180354948
-0.0862985074033
-0.0876900759498
-0.0820033357097
-0.0609663613593
-0.0271991021036
0.00632994159965
0.0293767022354
0.0430188732032
0.0539885623992
0.064788131311
0.0731238372066
0.0784499622914
0.0836415335673
0.0897586272942
0.0939621637237
0.0948537874997
0.0956172199752
0.0975379559245
0.0932616023002
0.0729620461712
0.0378810858945
0.00205117470269
-0.0221290158267
-0.0356329946652
-0.0468836077907
-0.0588047256353
-0.0677530315339
-0.0726892555596
-0.0776510922998
-0.0842402168494
-0.0886646554338
-0.0891671728992
-0.0900092281892
-0.0927933226752
-0.0887009512689
-0.0670674933499
-0.0305459578606
0.00535392832071
0.0288419899824
0.0420353479265
0.0529513923538
0.0638225705411
0.0718590143846
0.0769320177405
0.0821372737178
0.0881625557783
0.092551214499
0.0945788189854
0.0964153846497
0.0989727992865
0.100623330495
0.100931634005
0.101906986315
0.104248785075
0.105819245892
0.105419939265
0.104785086985
0.105090896224
0.104937994456
0.103904509721
0.10436418845
0.106944098114
0.108141729979
0.106248385888
0.105254235474
0.106848904597
0.101962723175
0.0788061586283
0.0395013276925
0.000836141557262
-0.023774393425
-0.0365002629151
-0.0466547888473
-0.0572544811269
-0.0654249843059
-0.0708407617867
-0.0764342005631
-0.0825785629309
-0.0867480310854
-0.0886486115377
-0.0908195573925
-0.0940916145117
-0.0966498165454
-0.0979025161192
-0.0994718524878
-0.10177964875
-0.103055402445
-0.10250678247
-0.101509968483
-0.100968248271
-0.100300561588
-0.0996931608048
-0.100488496504
-0.102503538349
-0.103715429807
-0.10353773424
-0.103721505355
-0.105062773753
-0.106032840496
-0.105817414826
-0.105809128394
-0.106680950334
-0.106930306974
-0.105999269938
-0.105817481628
-0.107265914884
-0.108234994987
-0.10754293086
-0.107436183407
-0.109256768649
-0.110238032513
-0.108486132417
-0.107162622416
-0.107727237714
-0.10196332637
-0.0789837996144
-0.0406861167654
-0.00279662509792
0.0218708201772
0.0350910164906
0.0455188957797
0.0560026214485
0.0638695478844
0.0689669543986
0.0743885188024
0.0807334079387
0.0854826372448
0.0879493284287
0.090234093248
0.0931018000021
0.0950086597646
0.0957127119189
0.0970924420938
0.0995648819161
0.101081149168
0.100695941132
0.0999954958519
0.0999162230642
0.0993614646065
0.0983253196515
0.0989643660391
0.101591734994
0.103078556383
0.101931379212
0.101175338952
0.101689019412
0.0956239146956
0.0731733909241
0.0362449147039
-0.000562749397501
-0.0248491698935
-0.0376858143209
-0.0474773730997
-0.0576438623811
-0.0655680262515
-0.0705368900559
-0.0757184975038
-0.0820583510319
-0.0863727189857
-0.0874991503455
-0.0888334014242
-0.0908933406207
-0.0857336345699
-0.0647568483332
-0.030838086639
0.00278496531289
0.0261356213804
0.0404810765385
0.0519645826768
0.0625498646636
0.0704830202206
0.0758711343298
0.0810274359664
0.0864701167738
0.0904997612457
0.0926173779697
0.0943000909462
0.0962634177455
0.0976608925375
0.0983767452284
0.099672589003
0.101920149076
0.103770094575
0.104268058857
0.104016701783
0.103694539261
0.103217408207
0.102894373132
0.103558574377
0.104922758816
0.10563570332
0.105556346326
0.106024566418
0.107283091651
0.107873508427
0.107401526388
0.107453310976
0.108637445694
0.109305403904
0.108643144097
0.108314485275
0.109251732786
0.109717371741
0.10877683321
0.108563073658
0.110234866705
0.111072718568
0.109345405665
0.108239822555
0.109096044975
0.1035966392
0.0808280760583
0.042627019595
0.00456246952128
-0.0206239108894
-0.0344487887657
-0.0451338231161
-0.0554472161443
-0.0631429108223
-0.0683995224902
-0.0740485517929
-0.0802617195588
-0.0846161957817
-0.0868722598525
-0.0892807932125
-0.0924451774487
-0.0947771017076
-0.0960321430868
-0.0978548673894
-0.100512776081
-0.102196548739
-0.10206721951
-0.101382323562
-0.10115001704
-0.101046179364
-0.1010676207
-0.1019782351
-0.103581394222
-0.104589005376
-0.104724357284
-0.10510959911
-0.106162686196
-0.106952922347
-0.107061461299
-0.1072503102
-0.107795531781
-0.107932787647
-0.107509821175
-0.107481609156
-0.108165236972
-0.108647768947
-0.108553244105
-0.108769297436
-0.109711430681
-0.11044499338
-0.110332100762
-0.110088531163
-0.110405962861
-0.110922270172
-0.111302595912
-0.11188289399
-0.112478142852
-0.112123092256
-0.110872331382
-0.110208150633
-0.110680258782
-0.110956172202
-0.11038145269
-0.110362908056
-0.111558832642
-0.112047341947
-0.1106593019
-0.109475472095
-0.108959152785
-0.102364801665
-0.080830263298
-0.0452655591488
-0.00834381987261
0.0179811370445
0.0333581895023
0.0447488207791
0.0554106202875
0.0633190432321
0.0682580352291
0.0737345405684
0.080827676137
0.0859050077308
0.0871822858112
0.0884369251963
0.0913939970091
0.0880667865205
0.0677409838335
0.0316963412799
-0.00523872003534
-0.0300450762747
-0.0435619986336
-0.0543059264705
-0.0654412622613
-0.0736993682397
-0.0782670096084
-0.0830669310655
-0.0894910489289
-0.0936973950917
-0.0939505608297
-0.0945072861106
-0.0970695292419
-0.0929981614864
-0.0716010182759
-0.0352634852488
0.000622044760654
0.0240687048034
0.037055995829
0.0478046537636
0.0587801739934
0.0670681371622
0.0722419397246
0.0773789865291
0.0834153830557
0.0879706887405
0.0900762040911
0.0917141724131
0.0939630853977
0.0954804696698
0.0958864215326
0.0971176800596
0.0999324543378
0.102195242522
0.102345264735
0.101761004172
0.101914917173
0.102021015014
0.101538497996
0.10205157789
0.104091538307
0.105107451612
0.103805670011
0.103131764886
0.103900519269
0.0979983287075
0.0751612346879
0.037325061008
-0.000209339479739
-0.024590743982
-0.0373439069668
-0.0474992940277
-0.0583517658609
-0.0667528124337
-0.0719398445774
-0.0774319674444
-0.0841610233386
-0.0885094449748
-0.0892142929223
-0.0902124343453
-0.092477669228
-0.0876224411876
-0.0660712692443
-0.0305688472077
0.004338351788
0.0274121987673
0.0405875925012
0.0518865688881
0.0636147619284
0.0723257246456
0.077306168758
0.0823650732114
0.0889071994375
0.0933893646749
0.09407697241
0.0947551823718
0.0969799809065
0.0927437514624
0.0719222049338
0.0364813581928
0.000835360760101
-0.0233920821311
-0.0376156794935
-0.0493267673286
-0.0607863059402
-0.069317491063
-0.0747050570424
-0.0799745483247
-0.0859038418989
-0.0901551509748
-0.0920648837793
-0.0938797536967
-0.0966285980494
-0.0987467433331
-0.0997159940015
-0.101339026472
-0.104118090533
-0.105859998669
-0.105437005809
-0.10468596607
-0.104920741655
-0.104909155298
-0.104210938455
-0.104879680172
-0.107315465259
-0.108293176525
-0.106469712887
-0.105548276156
-0.1066028058
-0.100771050946
-0.077325808218
-0.0388059010096
-0.000980583121255
0.0238777052541
0.0377006553475
0.0486930337552
0.0594292032895
0.0674924828289
0.0729210885047
0.0785333950078
0.0846336241217
0.0888475888376
0.0908312729256
0.0928090595926
0.0954805791297
0.0972661943136
0.0979109681866
0.0992493848788
0.101702219614
0.103250999785
0.102832358277
0.101820159101
0.101161515411
0.100043985782
0.0986489723085
0.0990196749013
0.101346104322
0.102653870921
0.101696086857
0.1014472119
0.102321351172
0.0958535594141
0.0719981775414
0.0332734328762
-0.00452845588973
