1.63460091864e-08
1345
40000000000.0
-0.083299137853
-0.0749123406819
-0.0765047899397
-0.0780207547332
-0.0545836583776
-0.00126186842997
0.0547375598718
0.0853670732829
0.0922486085478
0.0950746569981
0.101233775286
0.102681141313
0.0967100801247
0.0919678244025
0.0929598218856
0.0933726749186
0.088872321918
0.0847378408556
0.0855093094875
0.0870460779167
0.0851999512176
0.0839818848188
0.0879557572531
0.0933940604446
0.0945926499956
0.09327558154
0.093886070421
0.0947643066687
0.0927815038215
0.092038266759
0.0975928404685
0.104214160586
0.103722362446
0.101183104378
0.107733996016
0.114970349128
0.0951760257282
0.038099741984
-0.027135386634
-0.0627365365003
-0.0654825009708
-0.0618873308242
-0.0671214047192
-0.0710767479129
-0.0656118214788
-0.0613573762296
-0.0672616722842
-0.0731678421742
-0.0683897625653
-0.0627666573049
-0.0694528637997
-0.0757895271671
-0.0541995410963
-0.00172844601827
0.0516568195728
0.0791181234675
0.0845152357631
0.0867011427658
0.091702671044
0.0927790454766
0.0880911333254
0.0839032222993
0.0833030700066
0.0830127938759
0.081189597198
0.0801512107858
0.0808933818333
0.0813487718664
0.0809577659656
0.0819928254136
0.0854714057894
0.0895042115896
0.0921758660793
0.0930752954178
0.0921887258482
0.0902638979569
0.0898336557049
0.0928019981591
0.0973694327793
0.100256974521
0.101441133384
0.103604957404
0.107405112788
0.110682567593
0.112329177562
0.113607065698
0.115272785857
0.116473122654
0.117101463558
0.118424474929
0.120550825047
0.121730565257
0.121046532474
0.119716675843
0.11902875794
0.118896199577
0.118963285045
0.119178669663
0.118828117317
0.116997022525
0.114455736424
0.113087722699
0.113056994331
0.112640991265
0.111222017592
0.110052444955
0.109520256977
0.108310480429
0.106236764969
0.105224486983
0.106087777485
0.106829200542
0.105840438457
0.104513392332
0.104737660964
0.105845997806
0.106213328477
0.10619710652
0.107207842734
0.109117842767
0.110736847569
0.111872335228
0.113002192109
0.11381851787
0.113886256399
0.113906196413
0.114701049416
0.115778979651
0.11631474249
0.11655546546
0.116923488364
0.116935166716
0.116373972008
0.116152087008
0.116594020797
0.116472534585
0.11530584598
0.114769635103
0.115969817617
0.117233300253
0.116751247658
0.115527743507
0.115395010189
0.116005995456
0.116212357881
0.116391971193
0.116854692075
0.116233102718
0.114280727564
0.113635976521
0.115510226556
0.116584084276
0.114164374415
0.111201566316
0.111311035544
0.11221105691
0.110192532119
0.107781714765
0.109361479875
0.1120104511
0.109980728604
0.106170303187
0.107081753133
0.105568692113
0.082701004951
0.0333029493313
-0.0216206576816
-0.0567652101235
-0.0685573262424
-0.0706795403885
-0.0720455903046
-0.0713189384345
-0.0684763125119
-0.0681954407826
-0.0711695511077
-0.0724577946889
-0.0704734183921
-0.0696624081909
-0.0724745976348
-0.0758677077196
-0.0779208904381
-0.0813639211764
-0.0877473800011
-0.0935879409189
-0.0953797164257
-0.0942492814105
-0.0931522368359
-0.0931805435859
-0.0947232793864
-0.098550800704
-0.103528961705
-0.106566003793
-0.106910624294
-0.107504837119
-0.110354405644
-0.11369294689
-0.11546899452
-0.116361937235
-0.117333162125
-0.117347297074
-0.115807866506
-0.114439305607
-0.11450163365
-0.114712767095
-0.114002621507
-0.113643039752
-0.114499680007
-0.11488105474
-0.113456324816
-0.11174811123
-0.111422984523
-0.111666384654
-0.111520287319
-0.112022608873
-0.11350983838
-0.113705775693
-0.111370265099
-0.109037984025
-0.109126061733
-0.110180924149
-0.110170231483
-0.110366914068
-0.112254577979
-0.113696778729
-0.112457546187
-0.110663290654
-0.111253403029
-0.112820879338
-0.112778206917
-0.112603150404
-0.114495094431
-0.115922058929
-0.113789335366
-0.111089891949
-0.112328537596
-0.115165315802
-0.114699721486
-0.113224431273
-0.115964163175
-0.119512168755
-0.116602589922
-0.111214440917
-0.11335628753
-0.11580429735
-0.0938216005329
-0.0384695957006
0.0239886578328
0.0602328861567
0.0676091661479
0.0683960908604
0.0744304977588
0.0771473798871
0.0711621364883
0.0665862258044
0.0709661121183
0.0757417835848
0.0720195884992
0.067411883162
0.0722480568878
0.0759374818161
0.0545888254259
0.0036683564092
-0.0513163308697
-0.0829006214552
-0.0900007051247
-0.0902956421646
-0.0934362749811
-0.094395785971
-0.0896016807183
-0.0850231287515
-0.0850633788467
-0.0849517705991
-0.0802827544015
-0.0755185839495
-0.0761200235733
-0.0793638357432
-0.080570529874
-0.0821840077737
-0.0881068139412
-0.0943628260156
-0.0948916773879
-0.0923843819732
-0.0934629873642
-0.096924928637
-0.0975418950303
-0.0978448266121
-0.103623584101
-0.110618625829
-0.110281482091
-0.107027845477
-0.111821806507
-0.116547526113
-0.0952878168801
-0.0403864951659
0.0201723154273
0.0544386406507
0.0620015952153
0.063877727017
0.0694148968504
0.0714789272058
0.0674364019072
0.0652192130913
0.0685304856947
0.0716119616782
0.0711733815156
0.0715564804021
0.0753833352048
0.0790983652822
0.0807006026183
0.0835306100067
0.0894941085767
0.0954315846038
0.0986374846151
0.100094254776
0.100578095702
0.0992697247316
0.0976684846212
0.0993249126233
0.10414647697
0.108007529652
0.109210429399
0.110373461751
0.112892792862
0.114704530812
0.114880638716
0.115412486678
0.11681034652
0.116689037703
0.114513539949
0.113227659612
0.114181726548
0.114692352664
0.112834376955
0.110721869073
0.110600577671
0.111162396953
0.110311109903
0.10867066183
0.107850048531
0.107636641909
0.107179566012
0.106914413176
0.10733144656
0.107619021592
0.107163155831
0.106694593703
0.106649915053
0.106213206658
0.105173658905
0.104784849748
0.105565933604
0.10620811589
0.105897805227
0.105734112266
0.106565155411
0.107425327983
0.107506407583
0.107717607806
0.108865628799
0.110215532736
0.111281036836
0.112982267662
0.115455932632
0.11685979341
0.116203972698
0.115301140743
0.115928391013
0.11712494333
0.117420828998
0.11749824641
0.118185239974
0.118146714651
0.116487460523
0.11529371752
0.116200710413
0.116818306489
0.114582017277
0.111744479422
0.111704555514
0.112743070669
0.111320683931
0.109399036569
0.11101579017
0.113263199155
0.110278282908
0.105736312131
0.108348148952
0.111106230969
0.0900780732995
0.0352844133264
-0.0282852222701
-0.0656683922232
-0.0716105297462
-0.0693227408961
-0.0740661654849
-0.0780782706352
-0.0736230271502
-0.0694489652366
-0.0737639873389
-0.078026114676
-0.0727996489993
-0.0669743073124
-0.0724656530388
-0.0771810925284
-0.0547325028495
-0.00189452033859
0.0524640321444
0.0814623487336
0.0879190284331
0.0903126827191
0.095183879074
0.0961300737513
0.0913566435298
0.0873963719307
0.0873110498297
0.0869812628646
0.0840991735532
0.0820067825251
0.0828064622808
0.0837728281622
0.0830041847695
0.0830340337364
0.086218419543
0.090803006985
0.0939171318114
0.0951124379189
0.095149989681
0.0944268669246
0.0941829764521
0.0962949122431
0.100385995734
0.103855247555
0.105829709171
0.108115621941
0.111312504043
0.113493890848
0.114055762574
0.115160907187
0.117588022772
0.118902182087
0.117916875964
0.11719657174
0.118487162572
0.119395260627
0.117744341511
0.115675047682
0.115803426437
0.116591438353
0.115485531446
0.113629351841
0.113231954888
0.113126586439
0.111435644484
0.109840419253
0.110356591381
0.110749655901
0.108540179689
0.106559169369
0.108244163605
0.110445032206
0.108403993377
0.105082831663
0.106448858947
0.109768599168
0.107823316057
0.103624765856
0.106243021393
0.108978834797
0.0884129887363
0.0353986973328
-0.0259774950073
-0.0637787007788
-0.0735605367848
-0.0744703314238
-0.078146277717
-0.0794374614706
-0.0751750782622
-0.0727607543789
-0.0760208399267
-0.0780060184925
-0.0743472791888
-0.0715370072713
-0.0751076428051
-0.0803452942466
-0.0821760085124
-0.0844756776483
-0.0912260697739
-0.0971421853537
-0.0963116953693
-0.0927169603303
-0.0927063575829
-0.0939924324915
-0.0923509718155
-0.092314584846
-0.0990526747156
-0.105674802582
-0.103112709568
-0.0981092263693
-0.103335728391
-0.109753321118
-0.089407042951
-0.0335990789756
0.0288205827474
0.0636600873752
0.0693580292801
0.0687950507925
0.073592951366
0.0753786845994
0.0691050419236
0.0646043345414
0.0691833133033
0.0744784750272
0.0712405848875
0.066411788467
0.0713523199352
0.0777264497575
0.0612790130969
0.0135940240252
-0.0422619255311
-0.0763267642455
-0.0839877449445
-0.083350530436
-0.0863923813913
-0.0876972219369
-0.0822254634875
-0.0776244567468
-0.0803939057713
-0.0827971527143
-0.0763432446302
-0.0688352398791
-0.0714245943997
-0.0734577252274
-0.0499359375119
0.00291545964863
0.0569636655257
0.0848132217894
0.0891697462562
0.0898757052831
0.0943749758741
0.0953537956533
0.0900080616407
0.0853155011268
0.0850022669323
0.0843993584675
0.0803429044325
0.0764367195016
0.0758139971157
0.0763609443637
0.0759456492603
0.0762817651228
0.0789158975822
0.0822048049826
0.0844211946946
0.0858720099965
0.086604335245
0.0859791221806
0.085496211488
0.0879623979586
0.0928909075388
0.0967608649255
0.098635224241
0.101223191054
0.105420781679
0.108446199787
0.108967283211
0.109589560992
0.112140358308
0.114579612755
0.114994261121
0.11495853415
0.116287744915
0.117705560342
0.117491161525
0.116671814367
0.116887012706
0.117439267099
0.116967925191
0.115941449827
0.115214688841
0.114145396383
0.112255619026
0.11073536398
0.110303460446
0.109676964913
0.108071232509
0.106909496372
0.10706362956
0.106961292112
0.105664278366
0.105081100992
0.106502434049
0.107772578427
0.106947799584
0.105936389679
0.106999653496
0.108462527846
0.107963326307
0.107251077499
0.109025853072
0.11144792383
0.111099152327
0.109281629623
0.109497427307
0.11062555313
0.109362012782
0.107695253331
0.109882792472
0.113168905309
0.111320584234
0.107181801736
0.108924426128
0.110400818304
0.0899358845379
0.0386592253009
-0.0211712716221
-0.0589742490812
-0.0694048001691
-0.0700049536127
-0.0723151608439
-0.0724245601222
-0.0680992070984
-0.0666392700031
-0.0711487700652
-0.0739392356647
-0.0704035879109
-0.067519080965
-0.0713963824088
-0.0771186563536
-0.0789217767044
-0.080657259304
-0.0870444958779
-0.0932150460841
-0.0930799057711
-0.0907702050249
-0.0931093209906
-0.0972393578684
-0.0971827829227
-0.096654826053
-0.102286606097
-0.10920234557
-0.108463434389
-0.105119054109
-0.110237339028
-0.114567883587
-0.0914524578681
-0.0342137961772
0.0274253060066
0.0609051715561
0.0670290482041
0.0686566750903
0.0755684621194
0.0791349513611
0.0753239276158
0.0725511663056
0.0755745321472
0.0782104622348
0.0763764285834
0.0754962632408
0.0798546643567
0.0851639177845
0.0871560604635
0.0887370321648
0.0931494665715
0.0975977463776
0.0989725881541
0.099269501119
0.100436060174
0.100242253237
0.0980410763241
0.0982014372004
0.10274582812
0.106870097901
0.107016378627
0.106965090341
0.110230804465
0.11313120667
0.111982147736
0.110514057221
0.112656317998
0.114493079705
0.11180919392
0.109141392486
0.111638483925
0.114270647932
0.110463882478
0.105523984317
0.108009975432
0.112864441868
0.109386576476
0.102560652255
0.105946246054
0.111500976683
0.089530669254
0.0295083640815
-0.0378301261313
-0.0747187411798
-0.0792647230264
-0.0772831236437
-0.0823403343099
-0.0854252409984
-0.0804119020519
-0.076700794832
-0.0810330240627
-0.0848320889337
-0.0799846914051
-0.0743499556308
-0.0781233205664
-0.0817744943033
-0.0628379542682
-0.0156332939984
0.0376874453237
0.0710748924918
0.0815037825198
0.0847114117909
0.0902528726259
0.0926974121311
0.0875496108727
0.0824012690598
0.0845822745796
0.0878268732185
0.083190661633
0.0765268394112
0.0791271628542
0.0825453295758
0.0615853872139
0.00898640211839
-0.04873808009
-0.0812597291951
-0.0881985154878
-0.0900436600117
-0.0958995584522
-0.0976811391428
-0.0914745095576
-0.0857024972825
-0.0858682045609
-0.0863412844065
-0.0822163292938
-0.0776985800888
-0.0773875845236
-0.0788120070718
-0.0790542726442
-0.08060019886
-0.0851418368479
-0.0886048149448
-0.0877028274598
-0.0854534031208
-0.0854843799851
-0.086642905944
-0.087560653672
-0.0905014125141
-0.096070988033
-0.100122703149
-0.100713550203
-0.102120436939
-0.107030364766
-0.11118149502
-0.11127900966
-0.111425378528
-0.115143106034
-0.117906403667
-0.115349896096
-0.112238670079
-0.114335483207
-0.117699256663
-0.116295165666
-0.114102489539
-0.117524790979
-0.121294268246
-0.116632594967
-0.109309355209
-0.111187594921
-0.113670976865
-0.0904657687465
-0.0343317483923
0.0267500555363
0.0616506494605
0.0703123712724
0.073091251279
0.0787666174997
0.0805083672205
0.0762641158388
0.0740526579675
0.0771305695836
0.0792095807341
0.0770131137115
0.075700711142
0.0786866840368
0.0820886644511
0.0829077538803
0.0843009908348
0.0888693479931
0.0937121707295
0.0958519957311
0.0966790232015
0.0977967446584
0.0979170461576
0.0969166170387
0.0978257201855
0.101737751491
0.105439069983
0.106875331116
0.108328205599
0.111439639317
0.113862957221
0.113927245078
0.114002864124
0.115847979358
0.116966605348
0.115185559844
0.112758167889
0.112178265533
0.111831059305
0.109734049293
0.107822886965
0.108277864281
0.109079016041
0.107648738394
0.105691905631
0.105875877761
0.10680378315
0.106003741085
0.104858147234
0.105609122079
0.106601481597
0.105864380752
0.106067369686
0.10974303006
0.11300900932
0.111381561137
0.10855797796
0.110618714848
0.114434202431
0.112821255156
0.109166993692
0.112188260054
0.114029243085
0.0907944933526
0.0347059276536
-0.0277639536788
-0.063604392556
-0.0701735401139
-0.0698768350646
-0.0753078276481
-0.0784685292034
-0.0734225983884
-0.069230266086
-0.0731718943858
-0.0772670290909
-0.0730092628942
-0.0676640864074
-0.0711287984195
-0.0732367920749
-0.0513274546828
-0.00165391309178
0.0509503669335
0.0805600891111
0.0870753882787
0.0881554711312
0.0928160783146
0.0949481001505
0.0901573384469
0.0853054344811
0.0865971886977
0.0885486355021
0.0838470599868
0.0776492112128
0.0795370831069
0.0823655053426
0.0635910522175
0.0144673389024
-0.0428087535297
-0.0779403385742
-0.0861118498849
-0.086549949947
-0.0919061121662
-0.0953909300432
-0.0902583329392
-0.0845493872932
-0.0865506902841
-0.0890995221236
-0.082638956958
-0.074459832985
-0.0768565726448
-0.0799950872856
-0.0573708561742
-0.00297093833341
0.0547773117228
0.0858585439988
0.0917113538778
0.0935504049113
0.0997227068977
0.101525228713
0.095297894633
0.0897377189162
0.0899168204504
0.0897127213159
0.084827385009
0.0807789198719
0.0820086148943
0.0837127134364
0.0814375316948
0.0796404659466
0.0830473707223
0.0874465672071
0.0873242550857
0.0856064792228
0.0870609792774
0.0887272341693
0.086720265249
0.086124174029
0.0925199620723
0.0993982584987
0.0979303449732
0.0946803778567
0.101691969308
0.10921483364
0.0890940559015
0.0330988748735
-0.0295678528632
-0.0650086141025
-0.0715455828295
-0.0707388355298
-0.0737867809233
-0.0748444503048
-0.0711758208894
-0.0699458800604
-0.0738210711172
-0.0758312446783
-0.0726894158661
-0.0709175649459
-0.0752060055857
-0.0811294619171
-0.0843287205762
-0.0876970956343
-0.0939995918629
-0.0993122372294
-0.0996284015439
-0.0974832201181
-0.0967096247427
-0.0966079094563
-0.0962657845093
-0.0985074295753
-0.104160513482
-0.108265386566
-0.107660529528
-0.106736959713
-0.109863400723
-0.113871586792
-0.114429416449
-0.113981600775
-0.116116235288
-0.117829214392
-0.115608804054
-0.113675699352
-0.116907979076
-0.120793108113
-0.118861526186
-0.115134795598
-0.117021669117
-0.120347403567
-0.116178901711
-0.109315730861
-0.111354880146
-0.114087524155
-0.0909281480911
-0.0338457187631
0.0288634298084
0.0647558870149
0.0735451549175
0.0768899181557
0.0841363705668
0.0870839602807
0.0824294034792
0.0789805655094
0.0815007999689
0.083830882644
0.0819689556028
0.0809892112357
0.0843589999286
0.0874621279773
0.0870386403477
0.0875465087557
0.0923723197971
0.0969467623212
0.0966904559244
0.0945451930077
0.0943293824676
0.0935422998733
0.0899144982389
0.0885442149944
0.0938175120649
0.0997547433306
0.0987580115556
0.0956608081171
0.0997183708013
0.103103261608
0.0829294285639
0.0314721897861
-0.0275568569113
-0.0633407670771
-0.0709883571577
-0.0691593913783
-0.0709155914353
-0.0721651745944
-0.0685367640981
-0.0667569253035
-0.0718104235824
-0.0758798510026
-0.0715581972117
-0.0667237353697
-0.0715593679988
-0.0756574955465
-0.0555128328509
-0.00713950130744
0.0441159226954
0.0729105095652
0.0805859046242
0.083951930692
0.0890566870243
0.0894851055802
0.0839511870422
0.0800910942783
0.0811460305375
0.0816235769538
0.0784161983828
0.0759521340951
0.0772204294117
0.0786035666607
0.0775378651153
0.0776927744983
0.0821360147568
0.0876922875146
0.0904377604173
0.0913113473678
0.0923074094933
0.0925022962317
0.0918959542807
0.0938452348334
0.0993470148844
0.104057713375
0.105361148775
0.107001533241
0.111915212427
0.116258170366
0.116326817867
0.115701794424
0.118731014377
0.122299610421
0.121748478933
0.119912375099
0.121588685917
0.123698743666
0.12084902591
0.116550103512
0.117570207545
0.120533756654
0.117378188155
0.111805629592
0.113731822903
0.115741161774
0.0937433938298
0.0396708878504
-0.0216336813338
-0.0598226872959
-0.0718173810244
-0.075095238991
-0.0792027206522
-0.0801835548379
-0.0772043180598
-0.0769053082315
-0.0807859570965
-0.0824044276156
-0.0796189209033
-0.0783868876565
-0.0817317961244
-0.0850571604338
-0.0857172570613
-0.0880137752263
-0.094434098669
-0.0998512389498
-0.099307759382
-0.0953097491113
-0.0928594414495
-0.0926412336202
-0.0933597500809
-0.0958046122432
-0.100138643507
-0.103355518196
-0.103669887621
-0.103875044346
-0.106651913832
-0.110121899564
-0.111648130181
-0.112391811077
-0.114218294776
-0.115530934517
-0.11434101708
-0.112467795615
-0.112498343141
-0.113266253032
-0.112504453891
-0.111415610256
-0.112243793864
-0.113572312907
-0.112563136949
-0.110075274851
-0.109170116608
-0.110073677338
-0.110793303523
-0.11111733159
-0.111790400189
-0.11147517156
-0.109032775831
-0.10704086576
-0.108239837022
-0.110406613421
-0.110102691535
-0.109290228848
-0.111670515016
-0.11459970646
-0.112994115778
-0.109790903518
-0.111276805212
-0.110319427323
-0.0874681350925
-0.0365641532312
0.0208056730494
0.0570780744811
0.0684741877596
0.0719265983998
0.0777400156116
0.080154620391
0.0749426777036
0.0703188823106
0.0732507168693
0.0770756366763
0.0735642124455
0.0689915743514
0.0740245926044
0.0803187318465
0.0632411279469
0.0135399335971
-0.0455798612301
-0.0827012606261
-0.0921231267065
-0.092438876887
-0.0965605932811
-0.0987877723501
-0.0931017223888
-0.0874077504895
-0.0896669207673
-0.0924268467891
-0.0856275601449
-0.0765770473094
-0.0788680721042
-0.0838229926347
-0.0639349162668
-0.0110186396772
0.0469013123387
0.0782045214629
0.0834368483723
0.0847199314316
0.091145189232
0.0933967973982
0.0872980630409
0.0821939040727
0.0837054338585
0.0850290981388
0.0809150834181
0.0768276406858
0.0776081462089
0.0785903869614
0.075629443973
0.0740664190236
0.0792051972001
0.0861149330588
0.0877810563957
0.0863590185664
0.0872773353903
0.0887880435439
0.0873486639339
0.0872878923253
0.0936384068673
0.100473206679
0.099624572902
0.0970435960863
0.10380433564
0.110683011247
0.0908936289393
0.036132529081
-0.02567912929
-0.0607711417783
-0.0665568242307
-0.0650269687229
-0.0686189325287
-0.0706359975143
-0.0664744095187
-0.0644517167817
-0.0698555570063
-0.0739352370899
-0.069104528623
-0.0638207594436
-0.0685538249148
-0.072892578292
-0.0529093706604
-0.00344517524726
0.0503380229633
0.0805635760624
0.0863303534836
0.0867340206113
0.0917462386935
0.0938972395643
0.0876416948261
0.0812769240301
0.0826913468497
0.0854150367306
0.0804361787467
0.0736629519791
0.0761305937438
0.0795346858439
0.0594779990797
0.00857555706996
-0.0483458839721
-0.0819045197229
-0.0902076870429
-0.0918784863398
-0.0964711687269
-0.0976504336043
-0.0918695282628
-0.0864562541264
-0.086178252076
-0.0856229813965
-0.0804991232117
-0.0757552720025
-0.0762799656724
-0.0786500014246
-0.07880505195
-0.0798794806832
-0.0850304665713
-0.0894989606948
-0.0878440231251
-0.0833023356763
-0.0819264394948
-0.0828634269831
-0.0829119142162
-0.0851029052139
-0.0926343117527
-0.0993086170788
-0.0980768056977
-0.0951421184767
-0.100449264945
-0.104765571639
-0.0838679443161
-0.0316184995689
0.0260490499019
0.0598077191968
0.0681467272621
0.0692724496999
0.0725196918139
0.0728741428777
0.0683286496003
0.0658196803784
0.0685268258532
0.070551316127
0.0682899157709
0.0669877804747
0.0711813392367
0.0769592892892
0.0793507170125
0.0807442171374
0.0857590118983
0.0927830931272
0.0970004542431
0.0981754619318
0.0992318329101
0.100084244415
0.0993331355037
0.0996320877193
0.104187529186
0.109628583099
0.110543469965
0.109982502612
0.114404524762
0.115935062995
0.0930487742605
0.0384292846242
-0.0235221782825
-0.0602208448259
-0.0668969568487
-0.0652508243129
-0.0696715275838
-0.0729483468443
-0.0681891125424
-0.0647865602246
-0.0710383418358
-0.0770391261281
-0.071697706126
-0.0650560171279
-0.072312005308
-0.0813149784284
-0.0608110543399
-0.0048231557186
0.0533279158415
0.0810489592242
0.0824620049899
0.0817116242982
0.0864923713389
0.0866864471171
0.0795983882832
0.075382046181
0.0783974973192
0.080687245152
0.0770473069718
0.0731219666311
0.0743006503124
0.0774613580547
0.0786124272766
0.0799732572491
0.0844473968202
0.0899787461599
0.0938805717281
0.0969856481765
0.0998628162579
0.100539281062
0.0993604978713
0.100520355492
0.105424144092
0.110055571527
0.112105037357
0.114696280109
0.119490105244
0.122597747664
0.121816070056
0.121368137991
0.124139599685
0.125751892132
0.122630472473
0.119419176061
0.120849090535
0.122559409476
0.118965646133
0.114384621474
0.11563146664
0.11863960267
0.11526432693
