2.49187067164e-08
546
40000000000.0
0.10316870441
0.103294112469
0.103474740708
0.103581341725
0.103843366142
0.104352343213
0.104721430589
0.1047393451
0.104824117808
0.10531767608
0.105893288938
0.106186345766
0.106416870533
0.106828654691
0.107131472017
0.107122877307
0.107256643332
0.107924655181
0.108752965011
0.109287051587
0.109756528206
0.110414462218
0.110775597904
0.110410370582
0.109906099105
0.110045396013
0.110535885847
0.110595437147
0.110312211065
0.110287416717
0.110376740881
0.110048645319
0.109610048969
0.109700183666
0.109896267497
0.109348644216
0.108517163751
0.108537476331
0.109077926799
0.108851663197
0.108134315906
0.108309172484
0.108856287974
0.107937097864
0.106397998918
0.106678065236
0.105409960582
0.0921525959822
0.061082776693
0.0214531224016
-0.00990070310301
-0.0260661775698
-0.0342900924915
-0.0428800303501
-0.0513376288581
-0.0562303056523
-0.059485150134
-0.0647107496837
-0.0699824004494
-0.0714131438616
-0.0711085915662
-0.0735212337355
-0.0743839685923
-0.0619258279253
-0.0321823130431
0.00340666960678
0.0300530994304
0.0446287249514
0.0541043130132
0.0632959536719
0.0706757873669
0.0747369568617
0.0777275442815
0.081645960437
0.0852080716293
0.0869002402308
0.0878420034456
0.0895501273707
0.0912949139693
0.0918017334826
0.0918532123673
0.0931596549837
0.09572939397
0.0980787280078
0.0993243760871
0.0997094466568
0.0997087845049
0.0998228644813
0.100728444261
0.102594466369
0.104673893767
0.106307728997
0.107725458041
0.109211653249
0.110349699419
0.110908330091
0.111559023826
0.112742433871
0.11371518834
0.113784394198
0.113585920227
0.113933310724
0.114286007302
0.113751634064
0.11282938676
0.112620028247
0.112927926407
0.112740849245
0.112078243585
0.111724223942
0.11157911211
0.110979585575
0.11024597308
0.110126968558
0.110129215279
0.109343138627
0.108478435708
0.108841477794
0.109705912501
0.109333715459
0.108316627191
0.108745836563
0.110108832928
0.109876120189
0.108538493118
0.108849252399
0.107825918508
0.0952379614467
0.0653865397083
0.0270410131133
-0.00425150654936
-0.0221524920558
-0.0324245417591
-0.0415114767539
-0.0493679750477
-0.054477407001
-0.0588709456668
-0.0645251456154
-0.06953934376
-0.0718155459062
-0.0731763738569
-0.0762216726386
-0.079961273308
-0.0822200571443
-0.08389688274
-0.0869677651107
-0.0902503876407
-0.0911758867451
-0.0903133238764
-0.090194326813
-0.0909185643878
-0.0910266899212
-0.0915328908576
-0.094399751521
-0.0977954133338
-0.0982143287173
-0.0970507311813
-0.0984143181857
-0.0988033704262
-0.0863365782467
-0.0553111448312
-0.0164739015419
0.0133785285387
0.0291055244425
0.0385063491184
0.0483258975508
0.0568580047288
0.0612105369361
0.0641400986678
0.0693509122843
0.0750434234955
0.0775491096488
0.0783893980043
0.0813647615483
0.0830464852318
0.0728244165276
0.0456050316735
0.0103496943884
-0.0182754978966
-0.0346535608481
-0.0444219237157
-0.0535839688635
-0.0614864556287
-0.0658939829852
-0.0689419557113
-0.0735601388158
-0.0778448463288
-0.0785234664767
-0.0776316601372
-0.0790041389444
-0.078420422826
-0.0648601639587
-0.0347462164955
0.000760693578217
0.0271717288378
0.0414309228741
0.0506814379938
0.0599691517497
0.0676650325909
0.0719285277009
0.0749312659102
0.0788922474282
0.0826025528881
0.0843082820743
0.084919035884
0.0861067433384
0.0875429584624
0.0881455424412
0.0883850494406
0.0894401877261
0.0912230729725
0.0927780894316
0.0937385524684
0.0942339117277
0.0942787395114
0.0942605072972
0.0951089726827
0.0970535761436
0.0990980472714
0.100506388586
0.101799734833
0.103485504853
0.104950527729
0.105631986341
0.106220695971
0.107522056013
0.108998365062
0.109655219143
0.109654717167
0.10982902613
0.110179022155
0.110087838021
0.109611734991
0.109375625613
0.109428871673
0.109252783775
0.108744122855
0.108278068054
0.10793504118
0.107469554725
0.106899862552
0.106430642962
0.106002413142
0.105551188922
0.105393686782
0.105703595215
0.106014171448
0.105939796863
0.105904244712
0.106370102879
0.106912602993
0.106982431645
0.10698659569
0.10751838096
0.108115101934
0.108062507924
0.107871480512
0.108467284492
0.109394438375
0.109516341128
0.109105326664
0.109318907348
0.109906197167
0.109676498743
0.109082491926
0.109666085532
0.110847775036
0.110492937678
0.109073560096
0.108833137641
0.106789559598
0.0935565389915
0.0640296216594
0.026463707357
-0.00449488851972
-0.0226449106692
-0.0332071058689
-0.0423074930585
-0.050073466556
-0.0551768726164
-0.0596165572437
-0.0653376170907
-0.0705045725571
-0.0730221096806
-0.0746125719172
-0.0777728346169
-0.0814301793657
-0.0833885749683
-0.0847183441042
-0.0876544825939
-0.0909976402264
-0.0918811947005
-0.0908116124993
-0.0906667652862
-0.0916950001785
-0.0919893356251
-0.0921380161203
-0.0944041167787
-0.0975791912624
-0.098202395351
-0.097112062441
-0.0979890277902
-0.0973670640538
-0.0836713487292
-0.0516594485608
-0.0125336572627
0.016921065847
0.0321065495326
0.041200962362
0.0508549436209
0.0594217588148
0.0643227545303
0.0679283517573
0.072983242237
0.0779019408153
0.0804060127932
0.0819319684771
0.0848556912495
0.0883092053523
0.0901870315472
0.0910675754101
0.0929163339518
0.0955657082343
0.0973995128474
0.0982079354522
0.0987855234753
0.0989622369288
0.0984846058398
0.0986256049922
0.100494130558
0.102885025425
0.104124543533
0.10479912567
0.106252254539
0.107769370319
0.107976280408
0.107713250564
0.10853768468
0.109594627249
0.109201452395
0.108345708699
0.108980222945
0.109955875775
0.108838615192
0.106887897093
0.107342367444
0.109227599709
0.108638610948
0.106337321813
0.106690775639
0.106562284255
0.0932932409566
0.0601027506838
0.0182583231223
-0.0135567117813
-0.0292272373348
-0.03748703511
-0.0464852582949
-0.0549589133711
-0.0597357012581
-0.0632398592165
-0.0687926272023
-0.0742304579269
-0.075993099719
-0.0760277082602
-0.0781597078024
-0.0787121773654
-0.0674510605363
-0.0401310617191
-0.00571434922517
0.0222585664043
0.0389771711919
0.0496075995548
0.059271434463
0.0670930077911
0.0710830805187
0.0735866992021
0.0778253771925
0.0821974528919
0.0831919893921
0.0823317198745
0.083745787869
0.0841237306473
0.0722422571489
0.0428208969388
0.0059461330143
-0.0228262817356
-0.038744699465
-0.0486911072663
-0.0584033710603
-0.0662991935849
-0.0701624981961
-0.0725531615053
-0.0764156647067
-0.0803264393847
-0.081758879825
-0.081688396288
-0.082574230722
-0.0843442450111
-0.0855837007885
-0.0866869035195
-0.0887400279713
-0.0907780490574
-0.091043462336
-0.0899330195059
-0.0892479663694
-0.0895020912777
-0.0901638115763
-0.0914614177988
-0.0936949405783
-0.0957817875211
-0.0967076992629
-0.0974398376343
-0.0992621687037
-0.101362297294
-0.102362404476
-0.102976117954
-0.104534500568
-0.106117453705
-0.106112369249
-0.105517458357
-0.10640566721
-0.108054699781
-0.108252349502
-0.107624601695
-0.108455853663
-0.109773530058
-0.108607896471
-0.106046571001
-0.105629023106
-0.103939129231
-0.0898822670216
-0.0583163598
-0.0195063387709
0.0108739580065
0.028055509025
0.0388566670152
0.049035380196
0.0574165373134
0.0622703769674
0.0660483377307
0.0711546238603
0.0760945958862
0.078870856882
0.0806712139912
0.083381021969
0.0862337889516
0.087703674472
0.0886118202901
0.090702153835
0.0936209707239
0.095650747284
0.0963559143179
0.0965332925151
0.0965162091153
0.0963376474988
0.0967317484327
0.0982782353484
0.100203585578
0.101459644679
0.102303713152
0.103507666445
0.104801962719
0.105486927128
0.105840870454
0.106509674652
0.107165763453
0.107166468744
0.106913342269
0.107155323771
0.107534905236
0.107251051615
0.106620771084
0.106540129695
0.106895849638
0.106958386002
0.106854398002
0.107163073585
0.107551918111
0.107361473709
0.107026704387
0.107292159811
0.10761815165
0.107183890575
0.106781272482
0.107542061229
0.108464496147
0.107838700979
0.106578499423
0.106937915674
0.10821467384
0.107686689795
0.105934568981
0.105812053622
0.104063330917
0.0900657285192
0.0583882076806
0.0189660565705
-0.011614046682
-0.027460223678
-0.0360639884513
-0.0448827802156
-0.052922494041
-0.0573080056443
-0.0605273733905
-0.0660402465908
-0.0717008581859
-0.0736178865403
-0.0734538483341
-0.0750164017983
-0.0745125835966
-0.0616312774694
-0.0328605792907
0.00155892770084
0.0277916763727
0.0422220877585
0.0512744910167
0.0602402321989
0.0678883001386
0.072052388896
0.0747642933793
0.0787760445858
0.0826528797941
0.0835629509985
0.0829792651461
0.0842921016108
0.0843335322605
0.0729454435381
0.044809510149
0.00849404378441
-0.0210370373804
-0.0376773768562
-0.0473371561359
-0.056666199728
-0.0649503293285
-0.0693230145005
-0.0718326571026
-0.0760163736577
-0.0802190542102
-0.080670559497
-0.0791826145242
-0.0803007393658
-0.0803897957159
-0.0676418752611
-0.0370758310428
0.000255563470381
