1.63462128899e-08
1345
40000000000.0
-0.100168475846
-0.0940722361124
-0.0974157096278
-0.100091560307
-0.0770435134687
-0.0230775570051
0.0347631713696
0.0683428017939
0.0789675749696
0.085956655129
0.0964182552948
0.102145180358
0.100324759073
0.0995065506041
0.104111079489
0.107767576022
0.106096929423
0.104325934906
0.106959634543
0.109889384041
0.109062991372
0.108573452302
0.112986271179
0.11852278399
0.11945243359
0.117516744595
0.117171930871
0.116749709781
0.113146531923
0.110558911144
0.114155878621
0.118759424563
0.116210638776
0.111644577095
0.116290622322
0.121697859941
0.0998668009208
0.0401669188943
-0.0284653396219
-0.0680732991863
-0.0750328275979
-0.0754572216529
-0.0842662063743
-0.0912425969498
-0.0882070210418
-0.0857800054898
-0.0929100496227
-0.0994414951381
-0.0946992237049
-0.0885694923234
-0.0942828091379
-0.0992112130148
-0.0756794994725
-0.0205288875072
0.0364249215037
0.0682712983469
0.0785617660605
0.0857708644767
0.0956542241216
0.101334041083
0.10087525331
0.100430951891
0.103002764341
0.105290197435
0.105453009823
0.105793491509
0.10731445955
0.108043105112
0.107571591206
0.108274593704
0.111176003635
0.114356654344
0.115896142919
0.115389484922
0.112812231382
0.108915624246
0.106296958244
0.106970484766
0.109235124107
0.109875568949
0.108917479105
0.109088084906
0.111068056581
0.112701219369
0.112883807323
0.112895108901
0.11350865441
0.113880473036
0.113916074206
0.114901228506
0.116955329361
0.118318393696
0.118048929988
0.117335821294
0.117432804431
0.118215144444
0.11929560774
0.120604521935
0.121415428207
0.120797796188
0.119502355043
0.11939198449
0.120607217622
0.121395981906
0.121106167407
0.120952308136
0.121283814394
0.120754957637
0.119166643675
0.118449333226
0.119431194633
0.120132488156
0.118963771034
0.117327205524
0.117104131887
0.117610511302
0.117220198692
0.116315060433
0.116342582553
0.117213933271
0.117782408485
0.117901294774
0.118080455487
0.118025140056
0.117312037681
0.116664253498
0.116922126575
0.117589815306
0.117827433229
0.117879159857
0.118175952898
0.118237294199
0.117839418969
0.117885367585
0.118689752461
0.119008815145
0.118341685453
0.118351926758
0.12013718096
0.122008260294
0.122132765277
0.121495100102
0.121916332108
0.123042714538
0.123722725232
0.124334935457
0.125189009073
0.124916375013
0.123279796772
0.122938802354
0.125114077069
0.126463560721
0.124255541528
0.121416992256
0.121557897492
0.122392943168
0.120213851554
0.11756646163
0.118860397489
0.121183571148
0.118788367525
0.11458670069
0.115070939108
0.112967329294
0.089072417939
0.0379096066204
-0.019656194766
-0.0581955886803
-0.0737974631828
-0.0797465180535
-0.0846478276007
-0.0870094392503
-0.0867681766853
-0.0885981754797
-0.0931858812975
-0.0955916974987
-0.0942448059634
-0.0936054245901
-0.096144324325
-0.0988918363839
-0.100060223337
-0.102502506011
-0.107808169123
-0.112460058802
-0.112914876511
-0.110293533265
-0.107566696295
-0.105860934739
-0.105634697207
-0.107745799461
-0.111119746284
-0.112682248431
-0.111690689689
-0.11111256178
-0.112983441522
-0.115554285351
-0.116783368599
-0.11735405671
-0.118211520789
-0.118281484387
-0.11692973056
-0.115861462391
-0.116326783331
-0.11703191389
-0.116899345642
-0.117198085692
-0.118777745798
-0.119909980217
-0.119227290831
-0.118235075158
-0.118594245685
-0.119482761445
-0.119938327965
-0.121001770069
-0.123003626204
-0.123641393264
-0.121646443463
-0.11954605039
-0.119767023143
-0.120865966273
-0.120821307185
-0.120923302453
-0.122669150344
-0.123921022128
-0.122437820058
-0.120352728571
-0.120618017981
-0.121835078417
-0.121429160656
-0.120901512522
-0.122464687896
-0.123572284456
-0.121111399501
-0.118084092578
-0.119018658519
-0.121582883119
-0.120879729041
-0.119228658116
-0.121880352714
-0.12540526718
-0.122489106466
-0.117110062457
-0.119304832764
-0.121761878415
-0.0994499474715
-0.0430581386458
0.0213426968661
0.060306390867
0.0708273846869
0.0748083057075
0.0838211162091
0.0891641781079
0.0853999486541
0.0826262102556
0.0883880733711
0.0941237723736
0.0909400876
0.0864660782093
0.091058293621
0.0941065425233
0.0715816333695
0.0187151013415
-0.0391562830893
-0.0744971699559
-0.0859022756123
-0.090657324139
-0.0981331246494
-0.103166122585
-0.102103551173
-0.10083101301
-0.103681428479
-0.105850714166
-0.102916899325
-0.0993194766037
-0.100515175957
-0.103844124463
-0.104754336931
-0.105805529485
-0.110931724563
-0.116120282362
-0.115289176624
-0.111164625405
-0.110421356133
-0.111891157516
-0.110396455386
-0.108569406446
-0.112298154941
-0.117344916847
-0.115141766885
-0.110142973381
-0.113390359952
-0.116719790462
-0.0939428463763
-0.0370474038466
0.0261656264184
0.0636290190441
0.0746013282094
0.0797402444076
0.0881426702441
0.0925612763669
0.0903343447144
0.0893856927018
0.0934173485324
0.096700169058
0.0959964587696
0.0956870478629
0.0984289879166
0.100759443169
0.10083637891
0.102132551722
0.106580059214
0.11098083207
0.112614592307
0.11248000301
0.111349347218
0.10838495855
0.105115651122
0.105179825047
0.108567402685
0.111185690417
0.111343958323
0.111671865728
0.113574164475
0.114982869504
0.114967021055
0.115520690435
0.117140770203
0.117403852022
0.115736205521
0.115061839823
0.116717501863
0.117996482597
0.116947440139
0.115665631673
0.116378918906
0.117755655488
0.117677748399
0.11675444058
0.116580767435
0.116928996346
0.116940840864
0.117052839866
0.117752529355
0.11821951627
0.117837674177
0.117345036058
0.117181271702
0.116525976158
0.11517348558
0.114400691879
0.114752536452
0.114933542793
0.114137665316
0.113473937002
0.113795036497
0.114128040516
0.113658422802
0.113303780521
0.113890188698
0.114705360806
0.115292766911
0.116607223358
0.118804747555
0.120034014776
0.119286162205
0.11836880434
0.119062009732
0.120395228471
0.120879702788
0.121192598642
0.122175201666
0.122505947684
0.121293675793
0.120623980953
0.122123665792
0.12337519565
0.121773509247
0.119537945945
0.120046406472
0.121560960552
0.120530310301
0.118926536771
0.120807158952
0.123261715978
0.120409636645
0.115937631183
0.118576338177
0.121224869965
0.0996609392882
0.0435359408049
-0.0223518513888
-0.0628987335642
-0.0724683430441
-0.0738720009533
-0.0821010604822
-0.0892597380027
-0.0875578965649
-0.0857216093567
-0.0919380618214
-0.0976337522086
-0.0933500318611
-0.0879970076515
-0.0935419447759
-0.0978927360071
-0.0745302846652
-0.0200011335693
0.0369897601927
0.0695006791261
0.0800588548841
0.0867781711846
0.0959295773778
0.100970721999
0.100019738758
0.0995168803521
0.102445981247
0.104651530131
0.103806191635
0.103221818677
0.10499528816
0.106472103951
0.105871260613
0.105807061941
0.108636645731
0.112580550664
0.114774897033
0.114796988759
0.113414037561
0.111025394005
0.108916967384
0.109057047599
0.111157049032
0.112670669663
0.112763093539
0.113281538174
0.11486049875
0.115594582705
0.114900155467
0.11496765853
0.116593284085
0.117335113344
0.115988256372
0.115105688616
0.116425049125
0.117537585325
0.116249362181
0.114688970259
0.115457271334
0.116989507303
0.116703399378
0.115721283972
0.116229029418
0.117027687619
0.116213466569
0.115458810027
0.1167699974
0.117886065564
0.116304253636
0.114860393863
0.117005921243
0.119578813811
0.117794901393
0.114614093277
0.116020475171
0.119275901277
0.117144951133
0.112664712341
0.114950045064
0.117231711021
0.0958185180364
0.0412083347636
-0.0227023913922
-0.0638553390782
-0.0774463655718
-0.0822178776297
-0.0895095157745
-0.0940176793968
-0.0925215960097
-0.0924035248597
-0.0974667929367
-0.100742580871
-0.0978609435984
-0.0953291210502
-0.0987167380981
-0.10340165803
-0.10445840511
-0.10589094579
-0.111702022017
-0.1165376963
-0.114429245151
-0.109367275659
-0.107729738337
-0.107247016753
-0.103743025603
-0.101855503136
-0.106847554336
-0.111839549721
-0.107738007769
-0.101320608851
-0.105320343642
-0.11062073252
-0.0889643066793
-0.0312726408019
0.0337979836933
0.0719222320786
0.0811668986521
0.0840114615514
0.0918022854669
0.0960402334749
0.0916424802974
0.0884425398346
0.0937687455481
0.0992927016334
0.0958000211115
0.0902660936511
0.0940871192332
0.0989261100534
0.0804118395839
0.0298989083446
-0.0297287383609
-0.0684446225252
-0.0812968989239
-0.085958187292
-0.0940779189494
-0.100065255434
-0.0987905898893
-0.0978390593345
-0.103666846706
-0.108508400186
-0.103850837504
-0.0974900276826
-0.100579873342
-0.102421871471
-0.0778664642189
-0.0229287702708
0.0343667997971
0.06649285435
0.0758063587556
0.0817518337578
0.0914821573132
0.0975227270752
0.0969601898968
0.096657679198
0.10024137575
0.102988830664
0.101705924203
0.0999541402193
0.10084219089
0.102312718366
0.102357067643
0.102780300052
0.105130309006
0.107730391115
0.108862916922
0.108881170929
0.107862217591
0.105183836271
0.102401286952
0.102424335037
0.104866534563
0.106272751215
0.105757379463
0.1060877081
0.108210756367
0.10937462157
0.108268843854
0.10752558246
0.108993725884
0.110638812078
0.110544753822
0.110281943075
0.111655137595
0.113367977099
0.113679949091
0.11360147761
0.11474582406
0.116375586915
0.117090919876
0.117331101703
0.117923719843
0.118196401649
0.117648733814
0.117458710945
0.118326590224
0.118932835158
0.118451859583
0.118278249187
0.119264411259
0.119819435362
0.118993653518
0.118699808375
0.120242546467
0.121481705469
0.120492711126
0.119205313542
0.119890504451
0.120868987521
0.11978353763
0.118412162594
0.119489065166
0.121189233199
0.120097327247
0.117526857289
0.116994679612
0.117384582505
0.11540357561
0.113078190267
0.114705991331
0.117530246456
0.115291860395
0.110837778436
0.112349530345
0.113573447609
0.0925432466616
0.0400316645922
-0.0218935629371
-0.0625407312072
-0.076220419068
-0.0800781514405
-0.0853594223635
-0.0880118983214
-0.0857722764746
-0.0859483744023
-0.0916465660351
-0.0951838326363
-0.091972816384
-0.0890078484517
-0.0924111059535
-0.0973175986421
-0.0980847280891
-0.0986913384248
-0.103892450162
-0.108766654414
-0.107186810646
-0.103318807603
-0.10404168099
-0.106522553001
-0.104815939752
-0.102717459205
-0.106933216933
-0.112586458241
-0.110706504843
-0.10637929899
-0.110747710624
-0.114500648108
-0.0906908826894
-0.0322699823311
0.0312318627991
0.0671438907803
0.0759511644245
0.0801818286982
0.0894017913763
0.0948954056111
0.0926094900684
0.0909455788219
0.0946459651927
0.0975305459548
0.0955402365026
0.0941284376302
0.0976338394521
0.101885501087
0.102773290744
0.103305425808
0.106711177817
0.11012587479
0.110413613163
0.109591520068
0.109611717194
0.108221411603
0.104785869318
0.103744557762
0.107188907527
0.11033453743
0.109623761979
0.108857270204
0.111571333203
0.114077630964
0.112677591797
0.111105662044
0.113291861141
0.115290681219
0.112853021126
0.110512537743
0.113421718127
0.116521405438
0.113199033481
0.108761975068
0.111789934874
0.117205066194
0.114261600332
0.107949963404
0.111862695909
0.11785789221
0.0959129330175
0.0350880258209
-0.0340933505491
-0.0737215802941
-0.081506311579
-0.0828461417316
-0.0910378144263
-0.0969589768282
-0.0944504573418
-0.0928887713986
-0.0989854885615
-0.104139001172
-0.100219575945
-0.0950845661878
-0.0989476656081
-0.102278025158
-0.0825077093367
-0.0337340622414
0.0220931568991
0.0589099239588
0.07341777761
0.080984305317
0.09087856646
0.0975019658221
0.0962475369878
0.0946207810688
0.0998972402677
0.105772759585
0.10326095349
0.0981952501942
0.101887360644
0.105875427267
0.0848086060365
0.0311647203319
-0.0287170711036
-0.0644277524758
-0.0752764434582
-0.0813849747501
-0.0915810702466
-0.0976162016137
-0.0954694511889
-0.0934686110527
-0.0970353431424
-0.100483553808
-0.0988654767962
-0.0963425799411
-0.0974983433255
-0.0999242311073
-0.100832524207
-0.102809136973
-0.107540284261
-0.110878702183
-0.10949476394
-0.10642064827
-0.105311978392
-0.105039208644
-0.104289092865
-0.105420845689
-0.109124657996
-0.111294386494
-0.110016728686
-0.109623974962
-0.112866957432
-0.115529424101
-0.114354581591
-0.113486190588
-0.116461349689
-0.118720060524
-0.115847970005
-0.112589894669
-0.114706379303
-0.118243572295
-0.117157147348
-0.11544172842
-0.119506772033
-0.124037222959
-0.120189434407
-0.113717246817
-0.116480892427
-0.119755106946
-0.0969314411204
-0.040407705947
0.0220174944114
0.0591062798043
0.0704753566742
0.0761112072049
0.0845229772992
0.088751792703
0.0867057220562
0.0863821183733
0.0910137006667
0.0943042808359
0.0929807411347
0.0921941148386
0.0953591143313
0.098661494652
0.0992351794062
0.100339710369
0.104574705348
0.108978046973
0.110539981669
0.110660319621
0.110944380406
0.110090306622
0.107991243012
0.107737703907
0.110484237257
0.113050203488
0.113407258759
0.113876692234
0.116139656707
0.117873585701
0.117427134859
0.11718999231
0.118918833299
0.120082991338
0.118460853272
0.116265832083
0.115961621665
0.115911106438
0.114125340378
0.112546466271
0.113355485761
0.114522766878
0.11346582493
0.111887350718
0.112429370116
0.113645593531
0.113030686929
0.111973098036
0.112732375811
0.113656398832
0.112786933451
0.112839994641
0.116393806981
0.119564116434
0.117837885753
0.114910283123
0.116882656577
0.120619905785
0.118914816328
0.115173988597
0.118158613779
0.119939524023
0.0963358224828
0.0391980495603
-0.0251933829029
-0.0636958983386
-0.0733134280113
-0.0760924440679
-0.084396082731
-0.0901190959878
-0.0872798503416
-0.0849143267479
-0.090282619648
-0.0953784776985
-0.0916730916859
-0.0864409199354
-0.0896204723458
-0.0910485303034
-0.0679426993351
-0.0163294722118
0.0391206937595
0.0724081132635
0.0831241838644
0.0885642612157
0.0974900692343
0.103660485028
0.102592007065
0.10106149424
0.105210415363
0.109515385352
0.10663072592
0.10169881418
0.104321445112
0.107344852153
0.0880823656331
0.0375219992029
-0.0223348611914
-0.0611190145651
-0.0736824174138
-0.0788522397815
-0.0889824485446
-0.0971086039077
-0.0963714697786
-0.0947247356011
-0.100385067189
-0.106123969024
-0.102322857477
-0.096246516274
-0.100201771026
-0.10432480099
-0.0819470239307
-0.0267962637609
0.0328703479136
0.0669558505525
0.0765864650541
0.0826080083239
0.0930964403624
0.0991954557635
0.0971402495967
0.0955228785035
0.0993196085671
0.102340867427
0.100239382079
0.0984876095683
0.101509182169
0.104550644875
0.103260249253
0.102167183332
0.105981295249
0.110428477249
0.109970430221
0.107561104746
0.107990120573
0.108292445859
0.104611704973
0.10213248158
0.106546725549
0.111392104071
0.107855412672
0.102569200931
0.107667151734
0.113351814068
0.0911965100024
0.032612844446
-0.0333785888538
-0.0727426295124
-0.0834256912135
-0.0865810861474
-0.0931318290335
-0.0971183514357
-0.0957801093495
-0.0962728279813
-0.101255044815
-0.103771750418
-0.100570468403
-0.0982043709378
-0.101412496753
-0.105891564027
-0.107468670349
-0.109180920675
-0.113809342973
-0.117364087681
-0.115798979587
-0.111664888187
-0.108817713384
-0.106579009131
-0.104103945641
-0.104330584196
-0.108170430768
-0.110673150493
-0.108661178724
-0.106540043997
-0.108704649714
-0.111985123763
-0.112033432626
-0.11129210481
-0.113342396857
-0.115146210083
-0.113164195958
-0.111634581669
-0.115464982515
-0.120126928761
-0.119102760589
-0.116386285497
-0.119367199573
-0.123808803895
-0.120700071102
-0.114833372088
-0.117848466008
-0.121462723741
-0.0987931451814
-0.0414201849621
0.0225721931354
0.0606365756266
0.0721572104224
0.0784350620986
0.0885644716032
0.0942149705016
0.0920201594254
0.0907392139026
0.0950938159972
0.0989072772225
0.0981805000836
0.0979901991394
0.101821555881
0.105137823356
0.104812934418
0.105400796434
0.110271192583
0.114765869049
0.114241611636
0.111625858705
0.110722411064
0.109003656485
0.10421721415
0.101547058239
0.10547139664
0.110048000776
0.107690086192
0.103272978053
0.106086236839
0.108205944431
0.0864654684377
0.0328018749451
-0.0292429965227
-0.0687183503504
-0.0803605701906
-0.0824134649173
-0.0876438169422
-0.0918249932753
-0.0905567724642
-0.0905777609156
-0.0968897768222
-0.101685522313
-0.0975679318168
-0.0924429934998
-0.0965322391159
-0.0994182167613
-0.0774745949508
-0.0265156217372
0.0282443109441
0.0613833957754
0.0739512664952
0.0823929825333
0.0924670944729
0.0975829068694
0.0963406508594
0.0962810042227
0.100577868836
0.103714367238
0.102575909926
0.101573293597
0.103696691301
0.105403799904
0.104270342549
0.104081534405
0.107934134473
0.112629164443
0.114234265576
0.11370218188
0.113030339704
0.1112984811
0.108559708287
0.108276769089
0.11154838217
0.114095688739
0.113355077325
0.113129108371
0.116389792691
0.119290449493
0.118123972293
0.116498112069
0.118788878233
0.121872301034
0.121060792592
0.119177427815
0.121012350368
0.123454331146
0.121071005203
0.117364738791
0.119106031853
0.122885503907
0.120590829207
0.115918541256
0.118791833109
0.121679193259
0.100181187169
0.0458554376344
-0.0166647787382
-0.056948263253
-0.0716019887201
-0.0777304280072
-0.0845995942008
-0.0881174484331
-0.087411865166
-0.0891047871273
-0.094668006569
-0.0976413775589
-0.0958803804806
-0.0953387998947
-0.0990509091401
-0.102497463449
-0.103176146838
-0.105505526428
-0.111975761972
-0.117370268782
-0.116637774162
-0.112230664171
-0.109127205354
-0.108020054847
-0.107672964159
-0.108962675796
-0.112111919056
-0.114134171624
-0.113263750753
-0.112333347586
-0.114056681945
-0.11656618126
-0.117238742224
-0.117263426612
-0.118516837131
-0.119376008919
-0.117817585725
-0.115653267308
-0.115482571416
-0.116146284407
-0.11537851502
-0.114386657786
-0.115413644687
-0.117023875718
-0.116353357397
-0.114241910802
-0.113731400331
-0.115021105432
-0.116099103255
-0.116751135909
-0.117715919073
-0.117633247143
-0.115350100072
-0.113464295772
-0.114747668945
-0.11698373721
-0.116727892923
-0.115957439147
-0.118394241907
-0.121376074856
-0.119778014755
-0.116539157254
-0.117980751764
-0.116910544083
-0.0936328437556
-0.0416603253998
0.0176031910914
0.0564973502182
0.0709393115846
0.0775286813004
0.0863261415967
0.091428176145
0.0885314411769
0.0858190368973
0.0902485600742
0.0951437637976
0.0922602215634
0.087895418554
0.092783164588
0.098601733204
0.080579116113
0.0291800072482
-0.0326158954407
-0.0733483189994
-0.0870015198727
-0.0917780016743
-0.100302738195
-0.106715431873
-0.104898359902
-0.102680380313
-0.10796553197
-0.113249539959
-0.108419722509
-0.100763353155
-0.103897390627
-0.10913364542
-0.0888167214809
-0.0345059304551
0.0259459754783
0.0608328859995
0.0703746165198
0.0763059467562
0.0874327278103
0.0942795213193
0.0925644595167
0.0915287700439
0.0967042824192
0.10123925501
0.0998591012316
0.0979906330954
0.100441941816
0.102581460139
0.100380409279
0.0992933297304
0.104646929097
0.111460947087
0.112686208717
0.110487229405
0.110299009137
0.110363721601
0.107171239465
0.105154513157
0.109455925179
0.114196295295
0.111232331274
0.106591180899
0.111430914787
0.116466569794
0.0946358424988
0.0372870676553
-0.0278297186082
-0.0668054811122
-0.0766861039163
-0.0790650905798
-0.0861062579528
-0.0909920038111
-0.0890938828578
-0.0887386109427
-0.095225793491
-0.0998100505913
-0.0949093978139
-0.0890072907444
-0.0926284805714
-0.0953866223687
-0.0732582968619
-0.0208767403022
0.0367485693022
0.0716530359882
0.0826049754069
0.0883097621982
0.0984564731233
0.105411937393
0.103514768357
0.100966861078
0.105599904491
0.110917193354
0.107883432209
0.102396821171
0.105511501731
0.108910945217
0.0880580855063
0.0353191407334
-0.0246535277666
-0.0623924903258
-0.0756634992204
-0.082675076749
-0.0926683627593
-0.0991247674958
-0.0983681070262
-0.0975964501858
-0.101464000279
-0.104491532802
-0.102354440658
-0.0999723195102
-0.102226587506
-0.105760759868
-0.106651812685
-0.108150669547
-0.113424447325
-0.117640057015
-0.115292511684
-0.109609740478
-0.106661917427
-0.105627184684
-0.103387094514
-0.103114512774
-0.108134301445
-0.112299925892
-0.108581238932
-0.103241761487
-0.106286173753
-0.108402936131
-0.0850984219145
-0.0299127243651
0.0313704494583
0.0692872392977
0.081972054304
0.0872328377591
0.0941126297238
0.0974567089456
0.0952171420679
0.0943212440993
0.0979535818951
0.10025032075
0.097663565293
0.0954834376527
0.0982890306611
0.102258815176
0.102567125395
0.101733481396
0.104429119583
0.109042505677
0.110780091594
0.109463283815
0.108057055435
0.106487723477
0.103392203251
0.101516606193
0.104159416031
0.107975319407
0.107540098782
0.10592974257
0.10964198848
0.110708214712
0.0872903135651
0.0316773671772
-0.0319370863458
-0.070847245576
-0.0799409113302
-0.0805735363779
-0.0869160552401
-0.0916648454885
-0.0879164288355
-0.0850984187397
-0.0915451311053
-0.0973528599949
-0.0914210414929
-0.0838329554631
-0.089868347657
-0.0973807552164
-0.0749452827369
-0.0163107019688
0.0453646834606
0.0773717988564
0.0834708058353
0.0873915364785
0.0965404897307
0.100671512216
0.0970342289352
0.0957289780198
0.101077959895
0.105134769833
0.102721922166
0.0994683932684
0.100733462768
0.103442931914
0.103745895441
0.103988264726
0.10710023386
0.111006270273
0.113054513593
0.114161226867
0.114944443364
0.113433851714
0.110005841514
0.108945328293
0.111746779182
0.114430432597
0.114704894918
0.115741044154
0.119259317714
0.121404294926
0.11998496586
0.119235325846
0.122035245698
0.123961975366
0.121380288305
0.118890415056
0.121189108672
0.123868026682
0.121298141377
0.117781850173
0.120128875517
0.124238869386
0.121924664032
