10 0.00119076673503 -2.79340143165e-05
20.0 0.00143381528236 0.000359856403901
30.0 0.000531563919416 -0.000116233538108
40.0 0.00150659346365 5.01517846833e-05
50.0 0.00149107725818 -0.000731776237225
60.0 0.00147385395197 -5.68128223008e-05
70.0 0.00139076926018 -6.90417047828e-05
80.0 0.00185225340218 -0.000126508121709
90.0 0.00147440055307 0.000300131058451
100.0 0.00145558173913 0.000332102260344
200.0 0.0014305498363 0.00108004689029
300.0 0.00148249975804 0.00145982448108
400.0 0.00245276841096 0.00170347886544
500.0 0.00211217524677 0.00177692894707
600.0 0.00226829841252 0.00176213231327
700.0 0.00262456053284 0.00268697967425
800.0 0.00292401815387 0.00284347388849
900.0 0.00261897300685 0.00241092893637
1000.0 0.00355754002936 0.0029284511159
2000.0 0.00413515707556 0.00316587761654
3000.0 0.00538660178095 0.00303950195611
4000.0 0.00570379901731 0.00283427481594
5000.0 0.00521528439258 0.00349593100438
6000.0 0.00552023759799 0.00287442354036
7000.0 0.00583492995726 0.00297348705882
8000.0 0.00520829147843 0.00314659790756
9000.0 0.00557338820327 0.00243938805765
10000.0 0.00557470232278 0.00417636970136
20000.0 0.00395818382333 0.00834650582322
30000.0 0.00238398967486 0.0140846735331
40000.0 0.00047410447334 0.0276810988594
50000.0 0.00826563810085 0.0524545825822
60000.0 0.0638165274244 0.0694107906477
70000.0 0.0840214489948 0.00668992763624
80000.0 0.0601828872363 -0.0139568254181
90000.0 0.0454265287737 -0.0160085533959
100000.0 0.0373865731693 -0.0138425509877
200000.0 0.0225055756917 -0.0034936102538
300000.0 0.0229112829128 -0.00207862470329
400000.0 0.0220938730629 0.000951234356006
500000.0 0.0212138265568 0.00281754980604
600000.0 0.0216266597686 0.00443840855487
700000.0 0.0213432570628 0.00591699762286
800000.0 0.0214569678063 0.00781068878448
900000.0 0.0220168183131 0.00803853914934
1000000.0 0.0223696248115 0.00915980921649
2000000.0 0.0256941842292 0.0195722265095
3000000.0 0.0249445622884 0.033515413955
4000000.0 0.0263900379198 0.0436866177358
5000000.0 0.0430096896855 0.0431687513834
6000000.0 0.0294533732004 0.064715921692
7000000.0 0.0594519212566 0.0557847038794
8000000.0 0.0328640241356 0.0871890527558
9000000.0 0.0346167714583 0.0982473403024
10000000.0 0.0374528156066 0.110680818017
20000000.0 0.0780590428928 0.315282144738
30000000.0 0.694594197857 -0.291957107803
40000000.0 0.150565957348 -0.0863245158294
50000000.0 -0.4875 7.66731716568e-19
