1.63456265143e-08
1345
40000000000.0
-0.0171437355363
0.0321172494044
0.0570784160382
0.0762592513376
0.0966455043179
0.111150495087
0.118171771559
0.126496462707
0.139348260738
0.148581715874
0.150133217237
0.1520745773
0.157779177958
0.151036758741
0.111684691025
0.0434222817291
-0.0259598083246
-0.0733677970147
-0.099914531447
-0.119328115183
-0.137255411878
-0.149899443875
-0.156761836064
-0.163528036203
-0.172145720937
-0.177494567859
-0.177346555149
-0.177297333418
-0.178635965336
-0.16726314626
-0.125985303077
-0.0583684167733
0.0095622474178
0.055492002777
0.081039273282
0.100891848946
0.120337456607
0.133677541247
0.139972922444
0.146816754339
0.156963997725
0.163302353444
0.16230610318
0.161568155297
0.164454004306
0.155285554785
0.11378910511
0.0435091101502
-0.0267071075835
-0.0729527923366
-0.0979329309605
-0.117671801246
-0.137313919568
-0.15053962599
-0.15636613776
-0.162432261318
-0.171325665063
-0.176306819153
-0.17474425235
-0.174145087239
-0.176284850694
-0.164462149847
-0.119901727805
-0.048642303246
0.0202399647084
0.0649852514581
0.0895470098795
0.108940566524
0.127669082392
0.140702049385
0.147620588174
0.154262467252
0.162526284182
0.168305835855
0.169998593649
0.171247102079
0.173966027223
0.175600778052
0.175342609231
0.176732382733
0.18127987807
0.185121180539
0.185304491876
0.184313235217
0.184880077818
0.185518912769
0.185337541887
0.187760611609
0.194035552504
0.198640200415
0.198188790499
0.198720732002
0.20303508836
0.194853194761
0.151487512913
0.0756986411785
0.000716148336722
-0.0445076452846
-0.0640512181092
-0.0798880578711
-0.0995155029235
-0.113773728628
-0.119912654209
-0.12748884449
-0.140094880209
-0.14876690133
-0.149539656368
-0.151798959199
-0.158477641211
-0.150715917815
-0.10800069809
-0.0382151760474
0.0272901772667
0.0676835339068
0.0890224641034
0.106309351341
0.123100733684
0.134773996697
0.141382875072
0.147707736441
0.154994402199
0.16040835632
0.16306356616
0.165033702063
0.167312033408
0.169159568645
0.171013976467
0.174473690778
0.179457108201
0.184007738492
0.186852730263
0.188262104415
0.188912402139
0.189705281424
0.192017649711
0.196267183801
0.200806412034
0.203894987158
0.206072757181
0.20893779128
0.212421185495
0.215167275822
0.216939240672
0.218608768362
0.220131655422
0.220531206184
0.219817469056
0.219127313246
0.218891705544
0.218434754665
0.217507339236
0.216759875943
0.216501747352
0.216229033922
0.215565181413
0.214607166215
0.21332495292
0.211663575066
0.210210264276
0.20969169114
0.209871917904
0.209966616896
0.209985853647
0.210521803093
0.211403821906
0.211882149807
0.212086861216
0.212909233415
0.214343717554
0.215341863941
0.215543220887
0.215799132073
0.216662463164
0.217681296061
0.218597934614
0.219926877266
0.221763762355
0.223195207803
0.223557063445
0.223322094548
0.22319492839
0.223247623637
0.223424592762
0.223944622894
0.224689619194
0.225059265354
0.224858290965
0.224518136809
0.224230628633
0.223830626303
0.223628150692
0.224121929107
0.224740016661
0.22429542761
0.222949170767
0.222164858824
0.222391888089
0.22252012869
0.222063988757
0.221964791379
0.222583775987
0.222898659325
0.222485218957
0.222257802951
0.22244408086
0.222076110264
0.221337434644
0.221796624476
0.223246844309
0.22331300909
0.221595177082
0.220819297755
0.222072574036
0.222768144623
0.221732785414
0.221826039422
0.224143685058
0.224714084405
0.221671107198
0.219596108784
0.218605582574
0.204060070924
0.159254907064
0.0888975354445
0.0192049777823
-0.0285315100229
-0.0557986990718
-0.0754762516009
-0.0930897745848
-0.106555455599
-0.116533530136
-0.126875435869
-0.137519085095
-0.145039589821
-0.149389408933
-0.153955824142
-0.159655451864
-0.164419620395
-0.168111741741
-0.172931442523
-0.178878521753
-0.183216802377
-0.184808908495
-0.185359322244
-0.186224555996
-0.187327277031
-0.189228987289
-0.192928149349
-0.197403304664
-0.200405045352
-0.201908689997
-0.203959528353
-0.207023616397
-0.209348504632
-0.210133053887
-0.210513247334
-0.211085567623
-0.211116455812
-0.210625774507
-0.210736244964
-0.211521550129
-0.211841392709
-0.211666140892
-0.21222419724
-0.213513694196
-0.214018082474
-0.213312803376
-0.212677343385
-0.212764049766
-0.212932350885
-0.213185498837
-0.214293039426
-0.215614805518
-0.215408414343
-0.213888742403
-0.213341291013
-0.214506499991
-0.215556589221
-0.215498351455
-0.215696125859
-0.216877970063
-0.217544573838
-0.216854908144
-0.216316076063
-0.216983623247
-0.217685491869
-0.217695957852
-0.218272854874
-0.219693477299
-0.21990485037
-0.218341103891
-0.217696395313
-0.219276090671
-0.220301092942
-0.219097749542
-0.21873399991
-0.221153627545
-0.222368370442
-0.219453054383
-0.216913290325
-0.216307678008
-0.203012101146
-0.15738720895
-0.0823527452577
-0.00757548499469
0.0407874098753
0.0651494619783
0.0838522602201
0.103714929392
0.117971565017
0.125213953968
0.133857891675
0.146726970317
0.155828575732
0.157435680711
0.15925692068
0.163455025692
0.153057654716
0.10928054491
0.0390069857458
-0.028057087102
-0.0705952604278
-0.0933543243042
-0.111565035202
-0.129565520814
-0.142289022647
-0.14925437457
-0.155926413369
-0.163839887782
-0.169036471046
-0.170492216956
-0.172254778397
-0.176099779224
-0.17910056942
-0.180336967688
-0.183369466577
-0.189371719928
-0.194027464508
-0.194632917181
-0.194477300937
-0.196451056669
-0.198279228798
-0.198562960784
-0.201152787082
-0.207728792043
-0.212582739854
-0.212097183996
-0.212092797263
-0.214670748047
-0.203528297864
-0.158146066809
-0.0833870658613
-0.0105574281286
0.0355852494061
0.0591312965142
0.0774995731634
0.0966060442873
0.111278472104
0.120673560144
0.13013543199
0.141001697712
0.149328927009
0.154142501495
0.158823118324
0.164480785591
0.168839463061
0.171864731777
0.176466009997
0.183027133325
0.188308259955
0.190441227536
0.190835037733
0.190873203733
0.190708259655
0.191499109408
0.194913070488
0.199939459365
0.20361244126
0.205229913747
0.206747596666
0.20895647557
0.210522279986
0.210963385445
0.211352459942
0.2117333088
0.210899782704
0.209152737123
0.208376846851
0.208913231658
0.209106140013
0.208418245145
0.208276489634
0.209223856427
0.209827118462
0.209177922529
0.208169861011
0.207573637914
0.206996832226
0.206428938878
0.206750994649
0.20798977489
0.208933222089
0.209106855151
0.209380220683
0.210142131121
0.210672751343
0.210814882726
0.211448734218
0.212758460722
0.213739339305
0.213968912624
0.214213368563
0.214830135325
0.215263191087
0.215577485314
0.216695580302
0.218557007945
0.219805750575
0.219929569544
0.219955861832
0.220426513206
0.220536090176
0.220020433742
0.219964436578
0.220806350632
0.221392183814
0.221033914424
0.220658680497
0.220890429124
0.220943085223
0.220538548553
0.220729258481
0.221489256421
0.220930160653
0.21864398806
0.217174026105
0.217987338517
0.218889922186
0.218162858983
0.217900696106
0.219500149673
0.219689026151
0.216406484457
0.214140545913
0.214217803831
0.202204277615
0.158261039133
0.084403940747
0.0100879620403
-0.0374508328484
-0.0600761125082
-0.0773184844155
-0.0971238638861
-0.111956888353
-0.119038901897
-0.126779439954
-0.138646456789
-0.146539986733
-0.146825127664
-0.148581281881
-0.154791751219
-0.146839278397
-0.103729392259
-0.0325536516982
0.0351551122241
0.077506596718
0.0999839229572
0.117911769538
0.13519511922
0.147221047129
0.154195349675
0.161113750303
0.168874242671
0.17409179059
0.176164653353
0.17800994084
0.180612687189
0.182313606645
0.183276381898
0.185961719134
0.190821800516
0.19528197754
0.197477811173
0.198061099937
0.19817199103
0.198423791507
0.199952571886
0.203722507738
0.208542018069
0.212173202751
0.21444285883
0.216938348884
0.219868774218
0.221915764482
0.22306385816
0.224653967168
0.226458678551
0.226715651785
0.225465452466
0.224828945161
0.225357171674
0.225217413427
0.223826366844
0.223084766653
0.223810376723
0.224119863992
0.222815380722
0.221326614576
0.220694502586
0.219750867997
0.218037750099
0.217272665263
0.217894722117
0.21760805762
0.215654504192
0.21479814163
0.216312891069
0.21716959488
0.215647609165
0.21508980281
0.21751553648
0.21867104119
0.215641668537
0.213501789631
0.214326768025
0.203538817672
0.16126148139
0.0896862436678
0.0168752535613
-0.0322235729173
-0.0587738296676
-0.0783359042535
-0.0972305594598
-0.111197835757
-0.119938940051
-0.129292693255
-0.140463392832
-0.148437834742
-0.15197402257
-0.155955213955
-0.162445182578
-0.167761738159
-0.170446231004
-0.174279724563
-0.180643334718
-0.185178108476
-0.185427073861
-0.185053998865
-0.186826198932
-0.188181756394
-0.188002249924
-0.190591163047
-0.197348206227
-0.201845994248
-0.200479376967
-0.200107628208
-0.203806675612
-0.194881388671
-0.151046315109
-0.0758422605637
-0.00149601249604
0.0451640732944
0.0680978103178
0.0866228394954
0.106846044072
0.121136562912
0.128209133405
0.136944291406
0.150094986258
0.159198736937
0.160538879393
0.162968888606
0.170157073149
0.164773217163
0.124946989419
0.0546663343627
-0.0154116920853
-0.0603123843166
-0.0832505827947
-0.101333012896
-0.120187849969
-0.133359607271
-0.139695478605
-0.14671752898
-0.156682921478
-0.162503998426
-0.161602337757
-0.161734536036
-0.164666948043
-0.15370943192
-0.110570385675
-0.0416168340165
0.0247834819474
0.0679085830615
0.0916298806387
0.110132249089
0.128005004292
0.141096385744
0.148834900379
0.155837948264
0.163753379121
0.169461723791
0.17142212043
0.172120596347
0.17363856606
0.175299208426
0.176593901349
0.178793804423
0.182452933571
0.18601141153
0.187947661155
0.188432614089
0.188367120119
0.188595711677
0.190251556564
0.193970687507
0.198520706978
0.20197475733
0.204294282634
0.206964981245
0.210214085849
0.212750794206
0.214322014491
0.216182423032
0.218562968417
0.219943223728
0.219595206966
0.218835106793
0.218854264427
0.219121728275
0.218889855474
0.218621973491
0.218847710277
0.218982743863
0.218321471261
0.217110168538
0.215851563473
0.214594311403
0.213490505965
0.212942168544
0.212727295645
0.212158299103
0.211422588958
0.211423842803
0.212076120735
0.21238119292
0.212415162464
0.213310928753
0.214889350655
0.215511195037
0.214885133209
0.214681131823
0.215580408018
0.216303475353
0.216512945474
0.217740963881
0.220062139904
0.221062489759
0.219944095594
0.219259534261
0.220343650391
0.220836923397
0.219614848873
0.219755522981
0.222600556516
0.223783879361
0.22076459709
0.218529810887
0.21844482684
0.205569990227
0.160741293106
0.087405632806
0.0143053016923
-0.0339991097985
-0.0595872272409
-0.078589236495
-0.097261446526
-0.111133131469
-0.119977782798
-0.129743287217
-0.141389547578
-0.14957877751
-0.153146676239
-0.157246400413
-0.163836770778
-0.168915257624
-0.171094552874
-0.174508111907
-0.180486577884
-0.184306708794
-0.183639350856
-0.182807809234
-0.184800941791
-0.186434490858
-0.18595243227
-0.187780062395
-0.193909388213
-0.198268751238
-0.197035344008
-0.196337813912
-0.198611725051
-0.187692940475
-0.143029210812
-0.0690361733756
0.00370040786202
0.0505635184586
0.0749786063395
0.0938151074919
0.113060901572
0.127641492261
0.136602153269
0.145512974261
0.15610865631
0.164180639836
0.168204914147
0.171922560779
0.177275189611
0.181691984138
0.183992768158
0.186974688517
0.192062464156
0.196467563263
0.19787819122
0.197708464163
0.197780013601
0.197879303141
0.198431100484
0.201436543641
0.206629049952
0.210619332941
0.21195847877
0.213165997228
0.215732315474
0.217459946798
0.217143282798
0.217249115652
0.219009528611
0.219644475527
0.217856643994
0.21701880265
0.218864229344
0.219512337644
0.216726949541
0.215156303641
0.217978893311
0.219762170188
0.216016371975
0.21279610999
0.213931665748
0.203374594552
0.157851623971
0.0800111387384
0.0032016575755
-0.0440982824628
-0.0661222360724
-0.0838498303293
-0.104210072103
-0.119053359841
-0.126279928952
-0.134327043503
-0.146224830217
-0.154565929457
-0.156080936539
-0.158039774797
-0.162431951882
-0.153665865133
-0.113819891516
-0.0473497183772
0.0195523080413
0.0653492741383
0.0911745760999
0.110318749198
0.128337334808
0.14112785609
0.147826345329
0.154536389638
0.163721908239
0.169620087655
0.169222566824
0.168958918862
0.171289500254
0.161137042795
0.119387720728
0.0500922410999
-0.0183514985191
-0.0630805582464
-0.0874263849757
-0.106877165335
-0.125902493097
-0.138659627009
-0.144656082626
-0.15061119877
-0.158799036683
-0.164559927157
-0.165938615855
-0.166959575955
-0.170035297428
-0.172703557848
-0.173732786711
-0.17581403641
-0.179982501141
-0.18311195863
-0.183314266191
-0.182901653429
-0.183924116431
-0.185407340533
-0.186879396081
-0.189979591617
-0.194583095149
-0.197874773265
-0.199253527461
-0.201634422577
-0.205953961438
-0.209215676754
-0.21012436241
-0.211523232235
-0.214688271701
-0.2166301043
-0.216126230205
-0.216759325647
-0.220243516867
-0.22264696979
-0.221692843428
-0.221495868472
-0.224511632554
-0.225631955172
-0.221529623774
-0.218223244678
-0.218118516968
-0.205298800237
-0.159280712886
-0.0841530972676
-0.0100399419792
0.0386577996845
0.0650208742132
0.0851222171984
0.104519927107
0.118733726174
0.127765195351
0.137314927466
0.148501718447
0.156822628381
0.1609562209
0.16461346321
0.1694890002
0.173252976991
0.175242498926
0.178192888877
0.183080766972
0.187172705918
0.188533188949
0.188479078775
0.188560093062
0.188787427408
0.189721052555
0.192752764423
0.197270011533
0.200674087975
0.20213414367
0.203463085187
0.20563366095
0.207424371747
0.208224756639
0.20915916107
0.210546354485
0.211114752343
0.210639223292
0.210595840623
0.211363531479
0.21156562088
0.210991845751
0.211245215294
0.212580287365
0.213125264531
0.212279691634
0.211793943085
0.212371418017
0.212475810529
0.211749132802
0.212056221477
0.213618418217
0.21394248574
0.212457964309
0.212055866912
0.213704538701
0.214157940361
0.212080978589
0.211287489149
0.213678811154
0.214628025688
0.211283217958
0.208962098726
0.209419365642
0.197341435884
0.15278407847
0.0791442337367
0.00615603886494
-0.0407947194047
-0.0644980974711
-0.0827109112384
-0.101890353802
-0.115695086782
-0.122738312899
-0.130631792163
-0.142149754392
-0.150516141504
-0.152337124135
-0.15374890153
-0.15620995574
-0.145060926454
-0.10388355276
-0.0379954063114
0.0266752944476
0.0697457062527
0.0935520555805
0.111764715743
0.129561424168
0.142467753229
0.149473961595
0.156425467489
0.165548752716
0.171235117042
0.170706442781
0.170356641801
0.172852293828
0.16363239472
0.123175238284
0.0540377270455
-0.0157022046632
-0.0613138475661
-0.0849189677833
-0.103609230315
-0.123445802307
-0.137260699374
-0.143049068626
-0.148995050846
-0.1584402803
-0.163896229312
-0.161883310492
-0.16097186992
-0.164492566585
-0.1549848974
-0.111269569886
-0.0387332779322
0.0315980980233
0.0762268404738
0.0995683126321
0.117885268115
0.135828343126
0.147933705087
0.154047633377
0.160497543537
0.168790943749
0.174092412901
0.174997154791
0.175903808181
0.178699486512
0.180151854376
0.1793802333
0.180407091408
0.184648788266
0.18781439121
0.187457265912
0.187013259033
0.188827676557
0.190062340397
0.18978207664
0.192652282692
0.199892065042
0.204454308404
0.202829281947
0.202922528952
0.208150245043
0.200503855139
0.156529218906
0.08053732467
0.00611830469461
-0.0399585618614
-0.0622049558233
-0.0794770650213
-0.0979696613904
-0.111978539591
-0.120856042355
-0.130503711564
-0.141714193703
-0.14944047677
-0.15307059258
-0.157666869946
-0.164868661429
-0.170987325436
-0.17476464555
-0.179396969831
-0.185703162633
-0.190106592219
-0.190976565272
-0.191034251159
-0.192060346561
-0.192837577781
-0.193658508909
-0.197146479876
-0.202908112418
-0.206877441587
-0.207852659536
-0.209314562063
-0.212848364338
-0.215386845522
-0.215287862174
-0.215344781675
-0.216937045858
-0.217085792117
-0.214679615649
-0.213588636627
-0.215610287734
-0.216560427292
-0.214092763469
-0.212728302047
-0.215209038515
-0.216049785683
-0.211466147716
-0.207789162178
-0.208033014042
-0.195943740105
-0.149923584909
-0.073874253151
0.000720598125005
0.0482825346187
0.0725065324888
0.0909044181426
0.109335841604
0.122537135017
0.130258885647
0.138773501575
0.149361648681
0.157015405893
0.160363617206
0.163636119495
0.168403995227
0.17158270064
0.172658485197
0.175375407698
0.180574293426
0.184141775487
0.184148055741
0.183746764736
0.184813276722
0.18512551245
0.184598183985
0.187480032651
0.194369713651
0.198974838415
0.198241090027
0.198178911504
0.200601258921
0.189939570823
0.146704086837
0.0747884310785
0.00341865496043
-0.0426555483499
-0.0657353906524
-0.0828426630661
-0.100970880758
-0.11492748858
-0.123275331996
-0.132365837025
-0.144134196385
-0.152233800765
-0.154321734326
-0.157180239022
-0.161893010894
-0.152667442069
-0.112407970936
-0.0469204323601
0.0173339866107
0.0605020774739
0.0852982342591
0.104219281065
0.121366017384
0.133344647452
0.140458881612
0.147430289073
0.155377865069
0.160947873703
0.163166284309
0.165017946919
0.167958573228
0.170284368587
0.171725930847
0.174772807844
0.180136680301
0.185064649679
0.187582026889
0.188852001201
0.190208471287
0.191435441663
0.193068146942
0.196691117391
0.201669861072
0.205245973449
0.207080277739
0.209816665864
0.213927005489
0.216473793846
0.216637746558
0.217581763883
0.220537834457
0.222211422025
0.220960397174
0.220124300055
0.221614638257
0.22198970783
0.219383652671
0.218086579333
0.220480785718
0.221168991126
0.216672288731
0.213371044293
0.214064277113
0.202309795043
0.156440525347
0.0802262863738
0.00486565343331
-0.0441623831251
-0.0700215998511
-0.0893717482411
-0.107919841223
-0.121237271565
-0.129706916983
-0.139051480965
-0.149687401987
-0.15680924599
-0.159956856732
-0.163660923597
-0.169154169526
-0.173255906019
-0.175454093447
-0.179021929311
-0.184486122272
-0.18821799725
-0.188536755998
-0.187964237354
-0.188505324309
-0.18946035225
-0.190754280318
-0.193866133028
-0.198375970298
-0.201681533419
-0.203199074141
-0.205148180734
-0.208342601715
-0.21089263816
-0.211935146192
-0.212987172876
-0.214607033984
-0.215269289968
-0.214670488024
-0.214730696978
-0.216098082796
-0.216950410237
-0.216533459416
-0.216632126832
-0.218099838678
-0.219086993153
-0.218331047483
-0.217280001514
-0.217334754009
-0.217776948813
-0.217936569418
-0.218500586057
-0.219130163381
-0.217916208097
-0.214968333592
-0.21325079404
-0.21387462849
-0.214179492741
-0.212841492714
-0.212663434244
-0.214975787438
-0.215947573675
-0.213222754391
-0.210950211208
-0.210121769013
-0.197398063809
-0.155213075104
-0.0854717252999
-0.0135192192519
0.0368051970699
0.0649329783027
0.0849699337427
0.103598123276
0.116861675039
0.124371940625
0.133202928456
0.145593576042
0.154317523563
0.155782772201
0.157531602929
0.163086099586
0.156609111862
0.116797409527
0.0462863783824
-0.0252432248315
-0.0718087186575
-0.0952602995981
-0.112880441693
-0.131213337418
-0.143836076603
-0.14918624141
-0.155205621398
-0.164801636786
-0.170370772388
-0.168462690542
-0.167620659598
-0.171346715998
-0.162505843435
-0.119840214907
-0.0481972824161
0.021627115965
0.0657440496257
0.088302277575
0.105975638458
0.123880769702
0.136307116362
0.142506388596
0.148759986615
0.157057349598
0.162711575399
0.163837162021
0.164462782112
0.166807465862
0.168208988849
0.167894010195
0.169720007145
0.175190205131
0.180001074742
0.180983676212
0.180865470884
0.1825797601
0.184517069487
0.185513413009
0.188649729247
0.194931809817
0.199209058774
0.198822835015
0.199604167323
0.203202333826
0.193500108348
0.150105532941
0.0769818339599
0.00474487022008
-0.0409824235778
-0.0634228250352
-0.0808495196839
-0.100005129651
-0.114638055894
-0.123215946405
-0.132798383538
-0.145300242671
-0.153505075962
-0.154854800709
-0.1572016999
-0.162541767723
-0.154200041439
-0.113113873443
-0.0448100167609
0.0216410790288
0.0638619434649
0.0859106323652
0.104068623389
0.12314709547
0.13636866905
0.142379874823
0.148893483073
0.158827459152
0.165155640572
0.164409963846
0.164175277524
0.167654058737
0.158970229576
0.117990606226
0.048705717466
-0.0200559352553
-0.065131518923
-0.0895474645754
-0.108547379583
-0.126872281157
-0.139301006571
-0.14550611877
-0.151669065517
-0.159476169449
-0.164333150246
-0.164960512097
-0.165909268191
-0.169291193759
-0.171981218294
-0.172907018273
-0.175653312457
-0.181230128723
-0.185239807123
-0.185386530145
-0.185309366771
-0.187608398659
-0.189748104343
-0.190725498435
-0.194543602326
-0.201958348132
-0.20648004793
-0.205337818422
-0.205868690809
-0.210258355783
-0.200907790013
-0.156471899179
-0.0820729646737
-0.00925344042774
0.0374869250671
0.0621531164873
0.0813644475468
0.100429388495
0.11456113187
0.123835219472
0.133916321053
0.145446989467
0.153666164399
0.157845209953
0.162409735304
0.168736409228
0.173604495289
0.176428513089
0.180836527244
0.187643877108
0.192748351498
0.193937616888
0.193920092273
0.194592204465
0.194299847138
0.193331791618
0.195724307402
0.201856097539
0.2057606927
0.204880250912
0.205137708518
0.207458443095
0.195093338162
0.148110189224
0.0716406778225
-0.00268594333467
