0
2000
20000000000.0
0.22388
0.221262
0.222924
0.224983
0.224836
0.227043
0.225395
0.224704
0.223468
0.166469
-0.0723565
-0.158055
-0.177839
-0.184149
-0.195285
-0.193358
-0.199256
-0.206537
-0.215187
-0.219585
-0.210803
-0.207361
-0.213127
-0.217246
-0.21601
-0.154083
0.0761075
0.162217
0.19146
0.197373
0.204375
0.204787
0.208082
0.211377
0.216466
0.224704
0.217967
0.207538
0.211936
0.216319
0.218379
0.172102
-0.0862277
-0.162453
-0.186076
-0.189371
-0.20008
-0.197476
-0.201183
-0.208597
-0.219041
-0.224115
-0.213274
-0.211892
-0.217393
-0.217393
-0.217114
-0.164792
0.0840654
0.16207
0.192019
0.197241
0.203684
0.205743
0.210965
0.215496
0.22085
0.229234
0.223748
0.216055
0.220306
0.223336
0.226351
0.225528
0.226219
0.223189
0.224571
0.223748
0.222086
0.225528
0.224292
0.162762
-0.0715328
-0.156687
-0.18031
-0.185665
-0.194873
-0.195961
-0.197609
-0.145154
0.0888754
0.160835
0.198065
0.205331
0.213583
0.214128
0.216878
0.219761
0.222777
0.234309
0.229102
0.222086
0.225939
0.227455
0.229646
0.229926
0.230749
0.228278
0.22869
0.227307
0.225939
0.228131
0.228543
0.227455
0.229646
0.229926
0.232117
0.232662
0.233485
0.234044
0.229514
0.165365
-0.0735921
-0.155319
-0.178795
-0.184973
-0.194873
-0.195697
-0.193902
-0.137182
0.0864042
0.163306
0.19833
0.208906
0.215496
0.21426
0.214951
0.165777
-0.0598681
-0.152436
-0.184561
-0.192946
-0.199403
-0.198168
-0.197756
-0.154215
0.0943621
0.164821
0.201492
0.208906
0.216187
0.21729
0.216319
0.17375
-0.0771666
-0.149817
-0.1869
-0.194593
-0.202551
-0.200771
-0.200359
-0.145419
0.0869484
0.161938
0.198197
0.206435
0.213304
0.215084
0.213583
0.165512
-0.0737392
-0.157099
-0.189651
-0.195829
-0.204758
-0.202963
-0.201595
-0.146934
0.0835211
0.158775
0.195858
0.20286
0.209318
0.2107
0.214128
0.215084
0.217143
0.225528
0.219482
0.211656
0.216466
0.218658
0.219614
0.162482
-0.0859629
-0.16232
-0.182237
-0.190195
-0.200904
-0.200359
-0.202286
-0.207773
-0.217526
-0.220821
-0.209009
-0.206949
-0.213127
-0.215878
-0.214642
-0.155039
0.101099
0.161526
0.18968
0.192152
0.199712
0.201213
0.204655
0.208773
0.21454
0.222497
0.216466
0.209318
0.212613
0.215363
0.218379
0.218246
0.219761
0.215231
0.217423
0.217423
0.217555
0.218938
0.218938
0.161114
-0.0767547
-0.163409
-0.186488
-0.190739
-0.202963
-0.202139
-0.206685
-0.214642
-0.222203
-0.222336
-0.210803
-0.20792
-0.217246
-0.219732
-0.221644
-0.222056
-0.225086
-0.224939
-0.226587
-0.228102
-0.231117
-0.233044
-0.229749
-0.2325
-0.236486
-0.231397
-0.226734
-0.228102
-0.230705
-0.229058
-0.228514
-0.230705
-0.234147
-0.231117
-0.228926
-0.232632
-0.23428
-0.233868
-0.230441
-0.231397
-0.235383
-0.230985
-0.229337
-0.231397
-0.235927
-0.233191
-0.232353
-0.23222
-0.236074
-0.233191
-0.230705
-0.23222
-0.235104
-0.234971
-0.233044
-0.233044
-0.237442
-0.237722
-0.234692
-0.234971
-0.236486
-0.236898
-0.231809
-0.1755
0.0750043
0.152318
0.182399
0.187077
0.193799
0.198477
0.200536
0.157128
-0.077446
-0.170425
-0.202007
-0.210524
-0.219173
-0.215878
-0.213819
-0.160673
0.0685467
0.151641
0.190504
0.19833
0.206846
0.20795
0.209185
0.159467
-0.0731803
-0.161217
-0.195697
-0.205581
-0.213539
-0.210656
-0.209832
-0.154495
0.0809028
0.154936
0.193108
0.199977
0.208626
0.210288
0.214819
0.216187
0.220173
0.228823
0.221953
0.215775
0.218526
0.221262
0.221409
0.172794
-0.0940532
-0.162173
-0.181413
-0.1869
-0.197197
-0.196108
-0.197065
-0.142536
0.0951858
0.160158
0.193667
0.200948
0.208214
0.210553
0.213583
0.21426
0.21729
0.225939
0.222645
0.214819
0.218658
0.218658
0.222233
0.222645
0.224704
0.223189
0.22388
0.222777
0.221674
0.225116
0.227175
0.224983
0.225116
0.226072
0.231161
0.230749
0.232397
0.232529
0.232397
0.231161
0.232662
0.234177
0.232941
0.231706
0.231573
0.232809
0.231573
0.231706
0.233221
0.232117
0.233221
0.234177
0.232397
0.234456
0.234868
0.231838
0.234721
0.231838
0.232397
0.232529
0.231573
0.231294
0.22869
0.163041
-0.0590443
-0.153112
-0.177015
-0.182649
-0.193637
-0.195285
-0.199668
-0.205993
-0.216834
-0.219585
-0.208185
-0.206273
-0.21601
-0.21601
-0.217658
-0.221232
-0.222056
-0.220276
-0.219997
-0.219997
-0.225498
-0.226042
-0.225086
-0.227146
-0.232632
-0.228381
-0.226454
-0.228646
-0.231529
-0.230293
-0.227146
-0.228514
-0.231117
-0.228102
-0.226042
-0.228514
-0.230705
-0.230029
-0.224527
-0.170425
0.0804909
0.158364
0.1879
0.191195
0.199021
0.201492
0.203831
0.147787
-0.0870514
-0.163968
-0.195961
-0.205302
-0.212304
-0.211068
-0.211892
-0.216834
-0.225351
-0.229882
-0.218349
-0.217526
-0.224395
-0.227969
-0.223027
-0.168778
0.0810499
0.154804
0.184458
0.191195
0.197918
0.201213
0.205478
0.206302
0.213024
0.222777
0.217555
0.207258
0.213024
0.217011
0.21907
0.21935
0.221409
0.215643
0.217702
0.217967
0.218526
0.221821
0.221129
0.221821
0.223189
0.22388
0.226072
0.225939
0.226763
0.226072
0.226219
0.22388
0.226631
0.228131
0.230749
0.228411
0.227999
0.229646
0.229514
0.230191
0.230749
0.22869
0.227307
0.228131
0.226896
0.224836
0.22388
0.171279
-0.0812852
-0.159437
-0.177971
-0.186356
-0.194314
-0.192946
-0.194593
-0.140344
0.0973923
0.165233
0.199153
0.206979
0.215084
0.215775
0.219202
0.21935
0.222777
0.233897
0.228823
0.220997
0.224704
0.227719
0.229234
0.228543
0.231294
0.22869
0.230191
0.229102
0.228131
0.230749
0.230882
0.230191
0.230882
0.228131
0.230191
0.231838
0.231161
0.232117
0.229926
0.179795
-0.0649429
-0.154907
-0.180443
-0.188003
-0.200492
-0.200492
-0.20489
-0.212039
-0.219585
-0.221232
-0.210112
-0.205169
-0.213539
-0.214775
-0.212863
-0.163277
0.0902434
0.163174
0.192975
0.196138
0.202595
0.204243
0.206846
0.161394
-0.0714004
-0.159849
-0.191151
-0.200359
-0.2097
-0.206817
-0.204478
-0.146243
0.0881841
0.158511
0.192696
0.203272
0.212348
0.214407
0.215231
0.216731
0.218379
0.225395
0.221409
0.213172
0.217143
0.218791
0.220438
0.220173
0.221821
0.223189
0.221541
0.223189
0.222086
0.225116
0.224704
0.225939
0.225116
0.224424
0.227455
0.228131
0.229926
0.229514
0.229646
0.228278
0.229646
0.229514
0.227719
0.227455
0.227587
0.227719
0.224424
0.170043
-0.0665904
-0.157378
-0.181134
-0.1869
-0.198168
-0.198991
-0.203787
-0.209568
-0.216702
-0.217246
-0.206949
-0.204758
-0.211215
-0.214775
-0.211068
-0.155731
0.0991721
0.164689
0.193108
0.199845
0.206567
0.207126
0.210965
0.214128
0.217143
0.225939
0.220585
0.212201
0.216878
0.221541
0.223748
0.224571
0.224836
0.222645
0.225116
0.223601
0.223189
0.227043
0.225395
0.179384
-0.0904935
-0.160938
-0.183605
-0.189239
-0.200227
-0.199948
-0.202286
-0.151465
0.0736363
0.158923
0.193387
0.200801
0.208494
0.208494
0.208906
0.162629
-0.0781227
-0.156407
-0.192534
-0.198021
-0.206537
-0.207508
-0.208332
-0.214922
-0.221512
-0.222203
-0.209421
-0.207508
-0.213539
-0.213127
-0.21451
-0.215878
-0.219453
-0.219997
-0.221791
-0.224674
-0.227969
-0.226866
-0.223159
-0.16919
0.0791229
0.156863
0.188033
0.19146
0.199845
0.202036
0.20767
0.210965
0.216319
0.225528
0.219761
0.213436
0.21729
0.221953
0.223056
0.224836
0.224424
0.222924
0.223748
0.223748
0.223189
0.224571
0.225939
0.225807
0.226763
0.224424
0.227866
0.226896
0.226219
0.226631
0.223748
0.167704
-0.0837565
-0.15779
-0.18031
-0.185797
-0.195961
-0.198021
-0.195697
-0.135402
0.0918909
0.161114
0.193255
0.202595
0.211377
0.210421
0.211245
0.162762
-0.0705767
-0.155995
-0.188136
-0.1983
-0.206537
-0.206126
-0.20489
-0.155039
0.0884635
0.159746
0.194078
0.200256
0.208626
0.209729
0.214407
0.215775
0.217834
0.22416
0.21935
0.213716
0.218791
0.21935
0.21907
0.170734
-0.0881546
-0.165895
-0.18718
-0.194461
-0.206273
-0.20311
-0.206273
-0.213951
-0.220276
-0.222203
-0.21148
-0.20489
-0.215054
-0.217246
-0.218482
-0.220821
-0.223439
-0.220409
-0.221232
-0.222747
-0.22591
-0.225498
-0.220821
-0.170014
0.0818736
0.158511
0.188445
0.192019
0.198889
0.202183
0.208214
0.211112
0.215643
0.220438
0.215496
0.206846
0.211377
0.215643
0.215496
0.159746
-0.0785346
-0.163688
-0.182237
-0.189239
-0.199948
-0.198168
-0.198844
-0.144595
0.0795348
0.156716
0.192563
0.198197
0.207126
0.206979
0.209465
0.211112
0.214128
0.224983
0.222365
0.215643
0.217011
0.219614
0.223601
0.22416
0.225939
0.227455
0.227999
0.228131
0.22566
0.226896
0.226072
0.173206
-0.0702972
-0.161497
-0.184973
-0.18896
-0.199668
-0.199668
-0.203654
-0.211068
-0.221232
-0.224263
-0.210936
-0.2097
-0.217658
-0.219864
-0.221644
-0.223704
-0.224807
-0.223439
-0.223027
-0.224527
-0.226587
-0.229617
-0.226866
-0.22947
-0.233603
-0.22769
-0.223983
-0.224395
-0.229617
-0.228514
-0.222747
-0.16232
0.0695029
0.156451
0.185429
0.190225
0.197785
0.200389
0.202036
0.159334
-0.0808734
-0.169455
-0.198168
-0.206817
-0.215054
-0.212583
-0.208744
-0.164247
0.0789906
0.151494
0.186106
0.193108
0.200948
0.203831
0.206023
0.207258
0.210553
0.222777
0.216599
0.214128
0.216187
0.217423
0.217702
0.167572
-0.0858158
-0.164247
-0.186076
-0.192534
-0.206685
-0.20311
-0.201463
-0.146655
0.0873603
0.159746
0.194902
0.204243
0.21276
0.213716
0.213304
0.163453
-0.074004
-0.157922
-0.190475
-0.199124
-0.206949
-0.207229
-0.208876
-0.217393
-0.225351
-0.226175
-0.214363
-0.212583
-0.221644
-0.220556
-0.21807
-0.156687
0.0821384
0.163174
0.193255
0.200536
0.206846
0.20795
0.211112
0.21426
0.218114
0.226219
0.217967
0.208773
0.211936
0.217011
0.21907
0.157952
-0.0895226
-0.165483
-0.184973
-0.191298
-0.199668
-0.198433
-0.197756
-0.148582
0.104115
0.163174
0.200668
0.204375
0.213995
0.214407
0.217423
0.217423
0.221821
0.233221
0.227587
0.218246
0.220026
0.22416
0.226219
0.227307
0.228543
0.225395
0.226896
0.226631
0.224571
0.226763
0.225939
0.169631
-0.0690616
-0.155039
-0.177707
-0.184017
-0.192122
-0.192534
-0.197065
-0.206817
-0.216981
-0.221232
-0.211215
-0.209156
-0.217114
-0.21932
-0.220276
-0.222336
-0.224263
-0.219585
-0.219585
-0.220821
-0.225763
-0.226175
-0.221512
-0.164247
0.0722536
0.158511
0.186253
0.190636
0.197918
0.199433
0.201213
0.152597
-0.0770342
-0.168219
-0.199536
-0.205861
-0.212304
-0.211348
-0.212171
-0.216981
-0.226454
-0.22947
-0.218629
-0.217393
-0.22591
-0.225631
-0.225498
-0.22769
-0.231264
-0.228926
-0.228102
-0.232088
-0.232779
-0.231529
-0.227278
-0.17275
0.0756956
0.154804
0.18693
0.191328
0.198197
0.200801
0.204787
0.160835
-0.0748277
-0.165483
-0.19858
-0.20489
-0.215599
-0.213274
-0.209156
-0.148449
0.0788435
0.152318
0.189401
0.197785
0.20795
0.209185
0.20767
0.159467
-0.0708561
-0.157922
-0.190328
-0.199668
-0.207361
-0.205861
-0.206537
-0.213274
-0.221644
-0.224807
-0.215466
-0.211627
-0.219173
-0.2211
-0.21932
-0.168498
0.0885959
0.159599
0.19146
0.195035
0.203272
0.205743
0.210009
0.210421
0.21426
0.221674
0.215643
0.208494
0.210833
0.214672
0.216187
0.152877
-0.0885665
-0.165204
-0.187856
-0.194873
-0.203934
-0.201183
-0.204611
-0.1512
0.0798143
0.154936
0.192152
0.199021
0.208494
0.209185
0.212068
0.21276
0.216599
0.227719
0.223468
0.215908
0.218938
0.218658
0.219614
0.168807
-0.0738716
-0.163968
-0.185385
-0.192666
-0.204066
-0.202007
-0.205714
-0.210112
-0.217658
-0.220821
-0.207229
-0.204611
-0.210391
-0.213274
-0.211068
-0.162865
0.101379
0.167425
0.19655
0.20108
0.206714
0.20767
0.210833
0.214672
0.220585
0.228543
0.222497
0.216731
0.218379
0.222777
0.223601
0.167425
-0.0819766
-0.1641
-0.185385
-0.191843
-0.201051
-0.1983
-0.20311
-0.207773
-0.218894
-0.222747
-0.212995
-0.208876
-0.215878
-0.219453
-0.221924
-0.225763
-0.227822
-0.223027
-0.2211
-0.222747
-0.225086
-0.226175
-0.224807
-0.226999
-0.230293
-0.228381
-0.226866
-0.228793
-0.233191
-0.232353
-0.227822
-0.177427
0.072533
0.153421
0.184194
0.188724
0.196962
0.198889
0.20136
0.155069
-0.0981866
-0.166307
-0.195549
-0.202551
-0.21148
-0.208053
-0.205302
-0.151332
0.0939502
0.154392
0.189268
0.198741
0.206435
0.208082
0.207538
0.158643
-0.0863748
-0.157378
-0.188268
-0.195829
-0.203375
-0.202698
-0.202551
-0.20998
-0.218482
-0.219864
-0.20998
-0.208876
-0.217526
-0.216981
-0.215054
-0.166572
0.083374
0.162482
0.192843
0.198065
0.205611
0.205743
0.207258
0.153142
-0.0828003
-0.159849
-0.192254
-0.198991
-0.207361
-0.20489
-0.202551
-0.144875
0.0822855
0.156172
0.193387
0.199977
0.207391
0.207258
0.206714
0.15576
-0.0812852
-0.160673
-0.190607
-0.199403
-0.206405
-0.206817
-0.204199
-0.147346
0.0846096
0.156716
0.194078
0.202728
0.209729
0.210553
0.210141
0.159599
-0.0683849
-0.159158
-0.193358
-0.201727
-0.206949
-0.206405
-0.206405
-0.152024
0.0862718
0.155628
0.196829
0.203272
0.211789
0.212068
0.216055
0.216319
0.221262
0.226631
0.221674
0.213583
0.218114
0.221409
0.225116
0.223748
0.227043
0.224292
0.225528
0.224012
0.223468
0.225939
0.22388
0.158511
-0.0683849
-0.15476
-0.178251
-0.183738
-0.195138
-0.194181
-0.200359
-0.205714
-0.215054
-0.218629
-0.205302
-0.203375
-0.20998
-0.214231
-0.214363
-0.218349
-0.220144
-0.21601
-0.216981
-0.218217
-0.224395
-0.223027
-0.221791
-0.223159
-0.227146
-0.225219
-0.224395
-0.226734
-0.230161
-0.228102
-0.225086
-0.169455
0.0798143
0.158775
0.191048
0.197094
0.205331
0.208626
0.209318
0.158364
-0.0766223
-0.159437
-0.190886
-0.200359
-0.206949
-0.206537
-0.206817
-0.211627
-0.219864
-0.222747
-0.211215
-0.208597
-0.215187
-0.216834
-0.218217
-0.219041
-0.22288
-0.223983
-0.224115
-0.226587
-0.231117
-0.230705
-0.228926
-0.232912
-0.235795
-0.232088
-0.227969
-0.229749
-0.231941
-0.233191
-0.230029
-0.230573
-0.23222
-0.230573
-0.225763
-0.228102
-0.230852
-0.230293
-0.228793
-0.229617
-0.233456
-0.23222
-0.232779
-0.233191
-0.235663
-0.233868
-0.231397
-0.234147
-0.235383
-0.232353
-0.229617
-0.231117
-0.232779
-0.233044
-0.226734
-0.167542
0.0815942
0.15273
0.184326
0.189268
0.19627
0.201213
0.204655
0.208906
0.212348
0.223601
0.217423
0.211936
0.215643
0.217555
0.219202
0.168675
-0.0751072
-0.165483
-0.186356
-0.191843
-0.201463
-0.198712
-0.199948
-0.15476
0.0831092
0.16235
0.198197
0.208626
0.216187
0.216055
0.217555
0.218246
0.224424
0.232809
0.227455
0.219761
0.223056
0.22416
0.226896
0.227719
0.228823
0.227455
0.226219
0.226072
0.223748
0.227455
0.224012
0.164277
-0.077446
-0.158055
-0.179487
-0.185385
-0.194873
-0.195138
-0.20008
-0.209156
-0.215466
-0.217658
-0.206949
-0.203787
-0.212583
-0.212304
-0.211627
-0.153804
0.0951858
0.170587
0.201624
0.205067
0.211656
0.213583
0.216466
0.218938
0.225116
0.228955
0.221262
0.214951
0.219202
0.222924
0.227719
0.228131
0.226351
0.227587
0.231014
0.231573
0.231426
0.234309
0.234456
0.233221
0.233221
0.231161
0.230882
0.228278
0.228411
0.230602
0.230338
0.228823
0.229926
0.229234
0.229646
0.229646
0.229779
0.229367
0.230338
0.229926
0.231838
0.233221
0.235824
0.235001
0.233897
0.233633
0.230058
0.16413
-0.0757986
-0.15298
-0.175912
-0.180031
-0.191843
-0.191431
-0.190739
-0.135667
0.0931265
0.166748
0.201624
0.208906
0.215775
0.216731
0.21454
0.163997
-0.0727684
-0.154215
-0.188548
-0.195961
-0.203243
-0.203787
-0.204346
-0.2097
-0.217393
-0.219585
-0.210244
-0.207096
-0.217526
-0.220144
-0.216834
-0.156407
0.0987603
0.162482
0.193799
0.198197
0.207126
0.209597
0.21276
0.213024
0.219482
0.22566
0.219761
0.211936
0.215908
0.218246
0.219894
0.157407
-0.0843154
-0.160114
-0.179487
-0.186356
-0.197065
-0.193637
-0.194181
-0.14158
0.0993192
0.16207
0.197241
0.205611
0.213716
0.214128
0.213583
0.158099
-0.0632954
-0.152847
-0.182649
-0.190475
-0.199948
-0.199815
-0.197065
-0.14611
0.0942297
0.161526
0.197785
0.20589
0.213304
0.213583
0.215363
0.218379
0.223468
0.229102
0.222497
0.215775
0.221409
0.224983
0.226763
0.224012
0.226219
0.224704
0.226351
0.225116
0.224292
0.226763
0.227866
0.227043
0.228278
0.229646
0.232117
0.23225
0.233353
0.234868
0.233221
0.231838
0.233221
0.231706
0.233074
0.233353
0.232529
0.233074
0.232529
0.167013
-0.0635749
-0.146243
-0.168087
-0.173573
-0.186076
-0.185253
-0.190328
-0.200639
-0.205714
-0.213539
-0.205714
-0.20489
-0.211068
-0.214231
-0.215187
-0.218894
-0.221232
-0.216981
-0.216834
-0.217937
-0.220968
-0.220276
-0.215599
-0.165071
0.0780197
0.163997
0.198477
0.199845
0.206979
0.209185
0.2107
0.170587
-0.0661785
-0.162732
-0.193225
-0.200227
-0.20792
-0.206685
-0.201875
-0.153392
0.083374
0.157407
0.19833
0.206714
0.213172
0.214819
0.213995
0.165645
-0.0649429
-0.156407
-0.189371
-0.199124
-0.206817
-0.206949
-0.208876
-0.21451
-0.223159
-0.222747
-0.213274
-0.20998
-0.21807
-0.221644
-0.2211
-0.221512
-0.225086
-0.223983
-0.222336
-0.226454
-0.227558
-0.22769
-0.226587
-0.230029
-0.235104
-0.230293
-0.229882
-0.230705
-0.233603
-0.231941
-0.22769
-0.171661
0.069091
0.157952
0.191607
0.195314
0.203419
0.206435
0.211377
0.213436
0.219614
0.226631
0.222497
0.21248
0.216055
0.220997
0.222365
0.223468
0.221674
0.218114
0.219761
0.219761
0.219614
0.221821
0.222924
0.221674
0.222365
0.221953
0.225395
0.22416
0.22416
0.224424
0.220173
0.165645
-0.0814323
-0.160673
-0.18031
-0.187444
-0.195961
-0.196241
-0.196932
-0.15092
0.088743
0.16207
0.197653
0.204787
0.212348
0.212348
0.215231
0.215496
0.218938
0.227307
0.220173
0.212348
0.216055
0.217834
0.215496
0.164821
-0.0891108
-0.159849
-0.180722
-0.186356
-0.197344
-0.195138
-0.19858
-0.203375
-0.213686
-0.220144
-0.209009
-0.206273
-0.212863
-0.218217
-0.219997
-0.223571
-0.224674
-0.220821
-0.219997
-0.220968
-0.223983
-0.224115
-0.22288
-0.225631
-0.228381
-0.225498
-0.222056
-0.222468
-0.226999
-0.224807
-0.218761
-0.162453
0.0850362
0.161659
0.190784
0.195858
0.204096
0.208214
0.2107
0.216599
0.21935
0.226484
0.218658
0.211789
0.216187
0.221409
0.223601
0.22416
0.225939
0.226072
0.227587
0.226219
0.227866
0.229646
0.228823
0.174706
-0.0763428
-0.157231
-0.180722
-0.185797
-0.195697
-0.195961
-0.195829
-0.146522
0.0929941
0.166469
0.203684
0.210833
0.217555
0.218791
0.222365
0.22416
0.229514
0.235133
0.228823
0.221129
0.224983
0.224424
0.225528
0.224836
0.228411
0.229367
0.229779
0.230882
0.227307
0.230602
0.230882
0.18006
-0.0709885
-0.152436
-0.176603
-0.179354
-0.191298
-0.191019
-0.19652
-0.204346
-0.211348
-0.214775
-0.203787
-0.20311
-0.209421
-0.212171
-0.209568
-0.151877
0.0787111
0.168263
0.19655
0.202448
0.209318
0.210141
0.21276
0.164542
-0.0816971
-0.159702
-0.18896
-0.199536
-0.208053
-0.206685
-0.204199
-0.148302
0.0862718
0.154804
0.193799
0.202183
0.210833
0.212348
0.213304
0.215363
0.218379
0.226631
0.220997
0.212068
0.215908
0.218658
0.220585
0.21935
0.221821
0.22388
0.227866
0.226351
0.225395
0.229367
0.227719
0.17553
-0.063163
-0.155863
-0.175912
-0.181546
-0.19199
-0.191843
-0.19171
-0.145154
0.101231
0.168675
0.206023
0.21248
0.221129
0.220438
0.221409
0.222233
0.226484
0.234456
0.228411
0.220585
0.223468
0.224571
0.225939
0.171146
-0.0742835
-0.157099
-0.178663
-0.186621
-0.1983
-0.196653
-0.201316
-0.205169
-0.214363
-0.219173
-0.20998
-0.205993
-0.213686
-0.214922
-0.213127
-0.161497
0.0896991
0.163997
0.193255
0.198197
0.205611
0.206302
0.211377
0.213995
0.217423
0.225528
0.218938
0.211377
0.214407
0.218379
0.220438
0.168396
-0.082668
-0.161085
-0.180722
-0.1869
-0.196932
-0.196108
-0.194314
-0.146243
0.102202
0.161659
0.199845
0.204655
0.213172
0.214128
0.211377
0.159187
-0.0716799
-0.155995
-0.187856
-0.198844
-0.207361
-0.206405
-0.208597
-0.214098
-0.222468
-0.227146
-0.217805
-0.213274
-0.222747
-0.224395
