0
2000
20000000000.0
-0.222497
-0.224204
-0.227925
-0.227057
-0.225351
-0.227778
-0.231485
-0.227204
-0.224777
-0.177236
0.0903317
0.15273
0.185856
0.196417
0.200565
0.203699
0.20642
0.204419
0.211848
0.215128
0.213981
0.2097
0.212701
0.217982
0.217408
0.168013
-0.0994222
-0.178516
-0.202639
-0.213069
-0.221924
-0.223203
-0.219923
-0.217923
-0.225778
-0.223351
-0.211642
-0.208788
-0.21935
-0.220923
-0.219644
-0.169381
0.0814765
0.164292
0.194284
0.201845
0.20542
0.2097
0.212833
0.211127
0.220114
0.221688
0.218688
0.215554
0.219688
0.223983
0.221983
0.155731
-0.103408
-0.173662
-0.197785
-0.210789
-0.21807
-0.218496
-0.217776
-0.216643
-0.225631
-0.224498
-0.215922
-0.211921
-0.22263
-0.224777
-0.223924
-0.225631
-0.223498
-0.22135
-0.218643
-0.218496
-0.225631
-0.225631
-0.219776
-0.164953
0.0787699
0.158437
0.189989
0.199565
0.204846
0.21098
0.209273
0.154583
-0.0948475
-0.169661
-0.20108
-0.215069
-0.221497
-0.222497
-0.220776
-0.215496
-0.228778
-0.226204
-0.219776
-0.216775
-0.224498
-0.225778
-0.225778
-0.228911
-0.226778
-0.223351
-0.220203
-0.21907
-0.224498
-0.224498
-0.221777
-0.220923
-0.225631
-0.226778
-0.225631
-0.228352
-0.231632
-0.230058
-0.223203
-0.169955
0.0809175
0.158731
0.19199
0.201698
0.206699
0.210274
0.209126
0.152009
-0.0771371
-0.172088
-0.20364
-0.217923
-0.224351
-0.223203
-0.216349
-0.162526
0.082918
0.158584
0.19399
0.205552
0.20998
0.211701
0.207979
0.154583
-0.0925675
-0.171661
-0.203787
-0.217643
-0.223924
-0.225498
-0.216496
-0.154392
0.0920527
0.158584
0.196138
0.208553
0.211848
0.213701
0.212554
0.152009
-0.0845655
-0.167381
-0.197785
-0.213069
-0.220776
-0.220923
-0.214069
-0.148817
0.10004
0.163291
0.197138
0.210274
0.214275
0.216408
0.211274
0.152009
-0.0908465
-0.170234
-0.195932
-0.211068
-0.219202
-0.22235
-0.217643
-0.213069
-0.22263
-0.22363
-0.216496
-0.212789
-0.221071
-0.22135
-0.219923
-0.160952
0.0924793
0.163159
0.193843
0.203846
0.207273
0.2107
0.213701
0.211127
0.220262
0.222115
0.214981
0.210847
0.215554
0.218129
0.218835
0.161585
-0.109263
-0.176236
-0.197226
-0.206788
-0.215643
-0.215775
-0.214922
-0.212642
-0.221924
-0.22035
-0.210494
-0.208641
-0.21807
-0.219776
-0.21935
-0.22007
-0.218923
-0.215643
-0.21479
-0.216643
-0.22135
-0.22135
-0.215775
-0.158378
0.0846243
0.162012
0.19399
0.203125
0.208273
0.212833
0.213701
0.21298
0.220556
0.220835
0.218408
0.214275
0.218688
0.222542
0.22441
0.22769
0.226263
0.226116
0.229117
0.231397
0.232824
0.234692
0.23197
0.232397
0.235677
0.230691
0.232397
0.23325
0.231544
0.230691
0.230691
0.232824
0.233691
0.232971
0.23325
0.233544
0.233544
0.23425
0.233397
0.232544
0.23325
0.231544
0.23325
0.234118
0.233118
0.234118
0.233544
0.23325
0.235824
0.233397
0.233691
0.234545
0.235251
0.235398
0.234971
0.235824
0.238251
0.237678
0.239105
0.238546
0.237251
0.238546
0.234692
0.180575
-0.0724301
-0.162379
-0.185797
-0.197932
-0.207361
-0.209068
-0.205787
-0.152539
0.0899051
0.177721
0.21298
0.224263
0.228264
0.22997
0.225263
0.160291
-0.0680025
-0.159246
-0.190372
-0.207214
-0.216643
-0.218776
-0.209935
-0.1611
0.0904788
0.166866
0.205552
0.218555
0.221835
0.225263
0.222542
0.159011
-0.0817118
-0.163527
-0.192225
-0.208641
-0.214216
-0.219202
-0.216069
-0.212495
-0.223498
-0.222497
-0.215069
-0.210921
-0.218496
-0.21907
-0.21807
-0.165527
0.0944798
0.165439
0.196991
0.205552
0.207552
0.211848
0.211406
0.150876
-0.0922733
-0.166807
-0.197785
-0.211642
-0.216349
-0.21935
-0.213789
-0.210789
-0.224924
-0.224498
-0.216922
-0.213922
-0.221203
-0.218349
-0.220923
-0.223924
-0.22235
-0.219776
-0.215349
-0.217496
-0.220644
-0.22163
-0.21907
-0.218643
-0.223351
-0.226351
-0.226351
-0.228484
-0.230485
-0.230352
-0.228484
-0.230911
-0.233338
-0.232779
-0.228058
-0.228631
-0.232206
-0.229911
-0.230205
-0.228352
-0.233485
-0.231058
-0.228058
-0.229205
-0.232206
-0.231912
-0.229911
-0.231353
-0.232779
-0.231485
-0.228352
-0.229205
-0.233633
-0.228484
-0.225204
-0.165674
0.0839036
0.156437
0.187283
0.199418
0.205993
0.209553
0.210847
0.211274
0.218555
0.220835
0.220556
0.215407
0.220835
0.224263
0.22741
0.22769
0.22441
0.222983
0.226263
0.227116
0.229543
0.231117
0.23097
0.230264
0.235677
0.233691
0.235971
0.236251
0.234397
0.235824
0.235545
0.23425
0.236545
0.233544
0.235251
0.232691
0.233397
0.23425
0.231397
0.165865
-0.0849921
-0.166807
-0.190077
-0.201507
-0.211789
-0.214216
-0.209641
-0.140536
0.102894
0.170867
0.205846
0.217555
0.220262
0.221688
0.221115
0.217408
0.227116
0.23097
0.229396
0.223542
0.227116
0.230396
0.230544
0.165145
-0.0934207
-0.167954
-0.193931
-0.207361
-0.215349
-0.214348
-0.215069
-0.212495
-0.223498
-0.220923
-0.210215
-0.20664
-0.216069
-0.218349
-0.21907
-0.220644
-0.217776
-0.215069
-0.214216
-0.215922
-0.222071
-0.222203
-0.220644
-0.218496
-0.224204
-0.227204
-0.225631
-0.226925
-0.228484
-0.228911
-0.227484
-0.227484
-0.231353
-0.231485
-0.227778
-0.228911
-0.231632
-0.230779
-0.230485
-0.229632
-0.234059
-0.228352
-0.225631
-0.228631
-0.230485
-0.227057
-0.22263
-0.166807
0.0803438
0.157731
0.189136
0.199418
0.203272
0.206552
0.205125
0.151156
-0.101423
-0.177089
-0.206508
-0.219776
-0.225778
-0.226204
-0.222924
-0.218776
-0.231058
-0.229484
-0.221924
-0.21807
-0.226925
-0.226778
-0.228778
-0.229205
-0.228778
-0.225204
-0.22135
-0.221924
-0.225351
-0.226778
-0.22363
-0.22363
-0.226484
-0.227352
-0.227057
-0.228778
-0.231485
-0.228352
-0.22363
-0.171382
0.0736363
0.159864
0.194137
0.204125
0.210553
0.215702
0.216555
0.215702
0.224115
0.223689
0.220114
0.214407
0.219408
0.221556
0.222409
0.168293
-0.0937002
-0.170808
-0.196506
-0.207508
-0.21479
-0.215922
-0.211921
-0.16666
0.101614
0.167572
0.204993
0.217261
0.219408
0.221409
0.217128
0.154157
-0.0787111
-0.165807
-0.196932
-0.214216
-0.221203
-0.225057
-0.216643
-0.215216
-0.225498
-0.22463
-0.216643
-0.212921
-0.22135
-0.219497
-0.222924
-0.22363
-0.224498
-0.222203
-0.216922
-0.218496
-0.222071
-0.224498
-0.22163
-0.220497
-0.225204
-0.225498
-0.225925
-0.227204
-0.231632
-0.230911
-0.227352
-0.229484
-0.234339
-0.231058
-0.228484
-0.227484
-0.231058
-0.229352
-0.225204
-0.166101
0.0921851
0.158731
0.190857
0.199418
0.205699
0.20998
0.211553
0.20998
0.217555
0.21526
0.21298
0.209126
0.214407
0.217687
0.218129
0.158731
-0.0851392
-0.17881
-0.20236
-0.215775
-0.224351
-0.22463
-0.222497
-0.220203
-0.227352
-0.224498
-0.214348
-0.211495
-0.221497
-0.225204
-0.22463
-0.22463
-0.224351
-0.223777
-0.22235
-0.224351
-0.226631
-0.227778
-0.223498
-0.170661
0.0840507
0.159305
0.19043
0.201992
0.205272
0.212274
0.210274
0.152009
-0.0781374
-0.170234
-0.198079
-0.213495
-0.21907
-0.22035
-0.214069
-0.150818
0.0783433
0.162012
0.198844
0.211406
0.215407
0.219408
0.218408
0.215407
0.222262
0.224542
0.223836
0.218688
0.221983
0.223115
0.22641
0.22769
0.225689
0.225689
0.229838
0.232265
0.234397
0.236119
0.23325
0.173867
-0.0754308
-0.161379
-0.184517
-0.197359
-0.207508
-0.211215
-0.209068
-0.207641
-0.215349
-0.213922
-0.208214
-0.205361
-0.215922
-0.217496
-0.216775
-0.218349
-0.219202
-0.21807
-0.216775
-0.215922
-0.221924
-0.220776
-0.219644
-0.220497
-0.225057
-0.225351
-0.223498
-0.224204
-0.226925
-0.223924
-0.220923
-0.166807
0.0793436
0.159437
0.19299
0.201139
0.207847
0.210847
0.208847
0.142168
-0.0751513
-0.171234
-0.198359
-0.214642
-0.222777
-0.223203
-0.215496
-0.163527
0.0804909
0.157863
0.195991
0.211127
0.214128
0.215554
0.212127
0.157157
-0.0919938
-0.172235
-0.20136
-0.214069
-0.222777
-0.224351
-0.220644
-0.216643
-0.227352
-0.225057
-0.221071
-0.21807
-0.225925
-0.225631
-0.22363
-0.173514
0.0969068
0.164292
0.196991
0.206979
0.211406
0.214834
0.216555
0.216261
0.224983
0.221983
0.216261
0.211406
0.216702
0.220835
0.223689
0.224983
0.222689
0.220982
0.223542
0.224836
0.22641
0.227543
0.225116
0.166439
-0.0894197
-0.167807
-0.189077
-0.201213
-0.211362
-0.214642
-0.211789
-0.209641
-0.218923
-0.216349
-0.208067
-0.204934
-0.214922
-0.216349
-0.212495
-0.157819
0.0994663
0.165292
0.196564
0.20642
0.208553
0.213701
0.212554
0.147302
-0.0778579
-0.16866
-0.197932
-0.212642
-0.217349
-0.22007
-0.215216
-0.211789
-0.224057
-0.22363
-0.216775
-0.214069
-0.222497
-0.22135
-0.224498
-0.224924
-0.223924
-0.225204
-0.221203
-0.222497
-0.226484
-0.226925
-0.220497
-0.173809
0.0973334
0.161438
0.194711
0.203125
0.208126
0.213274
0.214701
0.213407
0.221262
0.223115
0.221983
0.216261
0.221115
0.224983
0.225969
0.228264
0.22769
0.224689
0.227263
0.22769
0.22997
0.231117
0.230823
0.232117
0.235118
0.22897
0.22969
0.228837
0.228837
0.229264
0.226543
0.173573
-0.0662962
-0.169528
-0.192931
-0.204213
-0.216349
-0.218217
-0.212362
-0.162806
0.0943327
0.17044
0.204993
0.215702
0.218835
0.220262
0.216834
0.158305
-0.0871397
-0.16538
-0.193505
-0.206935
-0.215496
-0.218217
-0.213922
-0.209641
-0.223203
-0.222071
-0.217643
-0.215349
-0.223203
-0.221777
-0.220644
-0.158525
0.0916261
0.164012
0.19727
0.2097
0.214275
0.215554
0.214834
0.15273
-0.0874192
-0.166233
-0.201786
-0.216775
-0.222497
-0.222924
-0.215216
-0.162526
0.0791965
0.160585
0.199992
0.212274
0.217555
0.220688
0.218408
0.214407
0.224689
0.229543
0.22769
0.222836
0.227969
0.228264
0.228264
0.179001
-0.0992751
-0.171234
-0.198933
-0.210921
-0.218923
-0.219202
-0.216643
-0.214069
-0.223071
-0.218923
-0.208788
-0.202934
-0.211921
-0.213495
-0.213069
-0.156392
0.115897
0.171867
0.202125
0.208979
0.212701
0.217982
0.218555
0.151303
-0.0721506
-0.169528
-0.199359
-0.212921
-0.220923
-0.220644
-0.216216
-0.213922
-0.227204
-0.225925
-0.216922
-0.212362
-0.219776
-0.21935
-0.222924
-0.22263
-0.221497
-0.218349
-0.214069
-0.21707
-0.222071
-0.222071
-0.215216
-0.161673
0.089199
0.159584
0.19171
0.199418
0.203846
0.208126
0.2107
0.208553
0.217408
0.219688
0.218688
0.213127
0.217128
0.223409
0.223262
0.225542
0.223689
0.219835
0.221983
0.223262
0.224836
0.224689
0.222262
0.164718
-0.101276
-0.169528
-0.193652
-0.20436
-0.213642
-0.217496
-0.211068
-0.152244
0.0936266
0.16944
0.204125
0.216555
0.217261
0.219408
0.218982
0.214407
0.22441
0.228396
0.226263
0.222115
0.225969
0.228116
0.229117
0.232544
0.229838
0.227837
0.22997
0.228396
0.230264
0.23097
0.227116
0.167439
-0.0782845
-0.169381
-0.191225
-0.202934
-0.213642
-0.217496
-0.212921
-0.159526
0.100908
0.169013
0.203272
0.216834
0.219835
0.221983
0.219261
0.146596
-0.0775784
-0.165101
-0.196506
-0.210362
-0.220776
-0.220776
-0.213069
-0.1631
0.0889048
0.161291
0.197991
0.2107
0.214275
0.218129
0.21526
0.211701
0.222409
0.228264
0.226543
0.220688
0.223983
0.226543
0.22769
0.173867
-0.0892873
-0.171955
-0.196506
-0.207361
-0.213922
-0.216496
-0.214348
-0.213348
-0.222777
-0.21935
-0.210068
-0.205508
-0.215216
-0.216349
-0.215922
-0.14967
0.101334
0.166439
0.198138
0.208847
0.212833
0.215702
0.215981
0.160438
-0.0767106
-0.168101
-0.199359
-0.213069
-0.220497
-0.22263
-0.219776
-0.216069
-0.230632
-0.229484
-0.219923
-0.217217
-0.225204
-0.222924
-0.222777
-0.166527
0.0956124
0.165865
0.196417
0.207552
0.21198
0.214275
0.217128
0.214981
0.221688
0.220982
0.215981
0.211553
0.216981
0.217408
0.220114
0.161158
-0.0955683
-0.176942
-0.20208
-0.210494
-0.218217
-0.218776
-0.217923
-0.215349
-0.224351
-0.221071
-0.210921
-0.210215
-0.218349
-0.22135
-0.217923
-0.163674
0.0844772
0.167572
0.197712
0.209553
0.211274
0.213407
0.217408
0.214275
0.222409
0.222689
0.220835
0.217128
0.221983
0.226969
0.228264
0.230396
0.227263
0.224689
0.226837
0.226837
0.228543
0.229396
0.22869
0.229264
0.232117
0.233691
0.235545
0.235677
0.235824
0.235398
0.232397
0.174426
-0.0812852
-0.162247
-0.18665
-0.198786
-0.210068
-0.211642
-0.207067
-0.153671
0.0904788
0.16944
0.206126
0.216555
0.219555
0.222409
0.218555
0.161585
-0.0822855
-0.161673
-0.192225
-0.207361
-0.214495
-0.217217
-0.209068
-0.153392
0.0854775
0.162159
0.198565
0.20998
0.213274
0.216834
0.214128
0.209273
0.219261
0.224263
0.224689
0.219408
0.223262
0.224542
0.225969
0.170573
-0.0891402
-0.169808
-0.196932
-0.207508
-0.215069
-0.218776
-0.211362
-0.146817
0.093759
0.165439
0.201698
0.212127
0.213127
0.216128
0.213701
0.158011
-0.0818589
-0.163527
-0.195226
-0.210789
-0.217643
-0.220776
-0.210362
-0.148538
0.0930529
0.161864
0.195844
0.207552
0.212554
0.215554
0.20998
0.147302
-0.0837123
-0.169661
-0.198506
-0.215922
-0.222497
-0.224057
-0.217349
-0.150391
0.0871985
0.159584
0.194711
0.209126
0.213127
0.215128
0.212701
0.148729
-0.0857128
-0.170955
-0.20008
-0.215643
-0.223351
-0.224924
-0.221777
-0.21707
-0.230911
-0.226351
-0.21935
-0.216496
-0.224351
-0.225204
-0.22463
-0.227631
-0.228484
-0.224351
-0.220644
-0.221924
-0.226925
-0.226778
-0.221203
-0.165233
0.0956124
0.155878
0.185856
0.198712
0.202992
0.206552
0.20998
0.207979
0.216408
0.217128
0.214407
0.209406
0.213274
0.218688
0.218982
0.221835
0.220982
0.219408
0.223262
0.22441
0.224983
0.226116
0.22541
0.226837
0.229117
0.230117
0.23325
0.234971
0.233971
0.233118
0.231544
0.166866
-0.0848597
-0.16538
-0.192652
-0.205214
-0.216069
-0.21807
-0.211495
-0.149244
0.0990397
0.166586
0.200845
0.213554
0.218261
0.220982
0.219408
0.214407
0.221983
0.225263
0.224263
0.218688
0.220982
0.223262
0.22769
0.227543
0.228264
0.227543
0.229396
0.232971
0.233118
0.236398
0.234692
0.235545
0.237545
0.236677
0.238825
0.237825
0.237398
0.237825
0.236972
0.237251
0.238119
0.234118
0.233544
0.234692
0.234118
0.234545
0.235971
0.236251
0.237119
0.236825
0.237825
0.239399
0.238398
0.238972
0.237678
0.237398
0.237825
0.236251
0.237545
0.236825
0.235824
0.236398
0.233691
0.178427
-0.059721
-0.159673
-0.187797
-0.198227
-0.208067
-0.212921
-0.208935
-0.206788
-0.217923
-0.218643
-0.211068
-0.207935
-0.219644
-0.216069
-0.216216
-0.166101
0.105468
0.168719
0.198565
0.208273
0.211406
0.21298
0.214554
0.157304
-0.0814323
-0.169234
-0.203213
-0.217217
-0.222203
-0.224204
-0.218923
-0.216069
-0.230205
-0.227778
-0.21935
-0.214922
-0.223777
-0.222497
-0.225925
-0.226778
-0.224924
-0.220497
-0.217217
-0.217923
-0.223351
-0.224777
-0.217349
-0.154098
0.0927587
0.158437
0.189989
0.200698
0.205993
0.209126
0.211553
0.209273
0.216408
0.216555
0.215554
0.212833
0.216981
0.219688
0.217982
0.164159
-0.101276
-0.178369
-0.203934
-0.216349
-0.223071
-0.225204
-0.223071
-0.21935
-0.229911
-0.223351
-0.213495
-0.209641
-0.218776
-0.222924
-0.22363
-0.225057
-0.225631
-0.226204
-0.225351
-0.226778
-0.233633
-0.232485
-0.229484
-0.229779
-0.234206
-0.231205
-0.227925
-0.228778
-0.231485
-0.230205
-0.229205
-0.228631
-0.233338
-0.231205
-0.227204
-0.229779
-0.232059
-0.230779
-0.230632
-0.231632
-0.23606
-0.235486
-0.233059
-0.235059
-0.237766
-0.234633
-0.228352
-0.16766
0.077196
0.150729
0.182576
0.19299
0.195991
0.200698
0.199698
0.148302
-0.112837
-0.180663
-0.209935
-0.222777
-0.229058
-0.231058
-0.22163
-0.155951
0.0684879
0.15601
0.19271
0.202566
0.207552
0.2107
0.208979
0.205993
0.216555
0.218835
0.217128
0.21526
0.217834
0.220114
0.219982
0.158864
-0.0977012
-0.177942
-0.203081
-0.213922
-0.22263
-0.225631
-0.222777
-0.22007
-0.229352
-0.225631
-0.215216
-0.212921
-0.22235
-0.221071
-0.220497
-0.161247
0.100187
0.158437
0.189136
0.198712
0.202272
0.204419
0.205846
0.138314
-0.0909936
-0.177663
-0.206788
-0.220497
-0.226484
-0.226484
-0.219644
-0.159673
0.0737686
0.153303
0.190283
0.200418
0.205846
0.2077
0.204419
0.141168
-0.0974217
-0.170661
-0.198933
-0.215775
-0.22163
-0.224777
-0.21907
-0.215496
-0.226925
-0.227631
-0.219202
-0.214348
-0.224498
-0.22463
-0.225057
-0.226631
-0.225204
-0.223924
-0.218776
-0.218776
-0.223203
-0.223351
-0.22135
-0.221203
-0.224498
-0.223924
-0.22363
-0.226351
-0.230485
-0.231058
-0.227925
-0.228911
-0.230779
-0.227352
-0.227204
-0.227057
-0.229779
-0.228205
-0.225498
-0.171955
0.0831975
0.150156
0.181575
0.191284
0.196417
0.200992
0.204125
0.202845
0.211127
0.215702
0.215407
0.211848
0.216834
0.219688
0.223542
0.22541
0.223115
0.220114
0.222983
0.224263
0.224263
0.225263
0.221409
0.169719
-0.0901404
-0.171234
-0.196506
-0.207508
-0.216496
-0.22007
-0.213495
-0.157525
0.0973334
0.168719
0.202845
0.214128
0.216555
0.218261
0.217687
0.162438
-0.0732832
-0.167954
-0.196653
-0.214216
-0.221203
-0.223071
-0.214922
-0.156819
0.0911995
0.161585
0.196417
0.211127
0.21526
0.221115
0.217687
0.213127
0.221409
0.226116
0.224836
0.220114
0.224263
0.225542
0.227543
0.231823
0.22969
0.225116
0.227543
0.227837
0.228116
0.229838
0.230691
0.230117
0.23325
0.233397
0.23425
0.235118
0.233118
0.233971
0.229543
0.175
-0.071724
-0.167101
-0.194505
-0.206214
-0.215216
-0.221071
-0.216349
-0.216349
-0.225778
-0.225498
-0.216069
-0.210921
-0.223498
-0.223498
-0.224777
-0.225351
-0.222203
-0.219202
-0.217217
-0.220203
-0.223351
-0.224351
-0.221777
-0.221071
-0.226351
-0.225057
-0.224057
-0.225925
-0.226057
-0.22463
-0.220497
-0.153965
0.0850509
0.15701
0.18843
0.199565
0.203566
0.205699
0.204552
0.160438
-0.0848597
-0.175088
-0.203787
-0.218923
-0.223924
-0.224924
-0.220776
-0.215922
-0.228352
-0.227925
-0.216775
-0.213789
-0.22235
-0.220497
-0.21935
-0.155672
0.0944798
0.157437
0.187856
0.197844
0.201698
0.203566
0.207847
0.206552
0.213407
0.216702
0.212701
0.207979
0.213701
0.217408
0.220835
0.222409
0.220114
0.216555
0.218555
0.220982
0.221556
0.222689
0.221409
0.222836
0.225689
0.223836
0.223836
0.224115
0.225263
0.22441
0.221688
0.148876
-0.0947004
-0.173088
-0.197932
-0.208067
-0.22035
-0.223071
-0.21935
-0.217496
-0.226925
-0.225778
-0.216643
-0.211789
-0.220497
-0.222924
-0.225351
-0.225351
-0.225631
-0.223924
-0.222497
-0.22463
-0.229911
-0.229352
-0.224351
-0.169087
0.0890519
0.159437
0.19043
0.199698
0.204552
0.2087
0.207847
0.14945
-0.0942738
-0.178516
-0.206935
-0.221071
-0.225778
-0.229058
-0.225204
-0.222497
-0.235633
-0.231485
-0.221203
-0.218643
-0.226778
-0.225925
-0.226351
-0.225925
-0.226204
-0.226484
-0.224777
-0.225351
-0.229911
-0.229484
-0.226204
-0.165807
0.0881988
0.153156
0.185003
0.19299
0.198991
0.203699
0.205699
0.203566
0.211406
0.213981
0.212833
0.210847
0.215702
0.217982
0.214701
0.155878
-0.0959948
-0.177368
-0.200507
-0.214642
-0.223498
-0.222777
-0.21707
-0.161953
0.0876251
0.165718
0.200845
0.212407
0.216555
0.216702
0.214701
0.162865
-0.0854186
-0.166101
-0.1968
-0.213922
-0.22163
-0.222777
-0.218496
-0.213069
-0.227778
-0.224924
-0.216216
-0.213069
-0.221071
-0.219644
-0.221497
-0.223777
-0.224777
-0.22363
-0.220923
-0.22235
-0.227057
-0.228058
-0.222497
-0.168101
0.0931853
0.155583
0.184282
0.196417
0.200271
0.204993
0.203846
0.142021
-0.105983
-0.179236
-0.207788
-0.223071
-0.227778
-0.230058
-0.225631
-0.22235
-0.233338
-0.231205
-0.222497
-0.21907
-0.225925
-0.225057
-0.224057
-0.16538
0.0949063
0.161864
0.193843
0.203846
0.207552
0.210553
0.213407
0.211848
0.219688
0.220262
0.219555
0.213981
0.218835
0.221983
0.221983
0.169999
-0.0961272
-0.175515
-0.199359
-0.210641
-0.219644
-0.220203
-0.219644
-0.216643
-0.225057
-0.222071
-0.212921
-0.209788
-0.218776
-0.221071
-0.218496
-0.157672
0.093759
0.158158
0.189857
0.199271
0.202698
0.206979
0.207273
0.141742
-0.0885665
-0.17881
-0.205934
-0.220644
-0.226204
-0.226925
-0.21935
-0.156672
0.0783433
0.157157
0.193137
0.207979
0.213274
0.214275
0.213274
0.210127
0.219408
0.225542
0.224689
0.219555
0.224263
0.225969
