-1.0025e-08
1601
40000000000.0
-8.06584319587e-18
-8.07005672967e-18
-7.43164379058e-18
-6.87471728844e-18
-6.35043874959e-18
-7.69697167499e-18
-9.64740098092e-18
-8.0404186609e-18
-5.54706809296e-18
-6.17893949244e-18
-3.95832577126e-18
-4.72061891425e-18
-4.27140729178e-18
-4.45803606362e-18
-2.96491411874e-18
-3.08719019856e-18
-2.11012949038e-18
-1.97896470396e-18
-3.13405719842e-18
-1.39371956672e-18
-1.70030251941e-18
-4.8116762911e-19
-1.90448428684e-18
-2.64601169925e-18
-2.09615409248e-18
-2.48445135769e-18
-2.53329533654e-18
-2.29472326715e-18
-2.76605967227e-18
-2.29738684689e-18
-3.44098569207e-18
-4.02659567248e-18
-4.48335982953e-18
-3.62852958989e-18
-1.92944985459e-18
-2.10655204049e-18
-2.36985810089e-18
-3.53948178671e-18
-4.75267596215e-18
-5.49145633751e-18
-5.53150520363e-18
-5.6435455792e-18
-6.4219961115e-18
-6.24174621691e-18
-6.43298302989e-18
-6.71761830151e-18
-7.3184957346e-18
-6.0601519357e-18
-6.69818026764e-18
-6.86126946381e-18
-7.42931217844e-18
-7.33387588512e-18
-5.46113131407e-18
-5.21644794542e-18
-5.97398425277e-18
-6.68264575135e-18
-8.32555697148e-18
-8.71757981787e-18
-8.99378479225e-18
-9.83290775114e-18
-1.03142983351e-17
-1.01314089899e-17
-8.03177840943e-18
-8.14425071441e-18
-7.96234943797e-18
-8.28264979301e-18
-8.39652718138e-18
-8.06594488108e-18
-7.88533458332e-18
-8.10464394012e-18
-9.91927685636e-18
-9.29662422536e-18
-8.24551707803e-18
-8.37911868302e-18
-7.40966883531e-18
-6.85181557172e-18
-7.27996783914e-18
-7.30036641328e-18
-7.29068460952e-18
-6.31801669678e-18
-6.29308494235e-18
-6.07089985713e-18
-5.41148361465e-18
-5.07448062346e-18
-4.8407903172e-18
-3.78132155194e-18
-3.3270511372e-18
-4.14758574788e-18
-5.81476960274e-18
-4.98766811162e-18
-4.67923095041e-18
-4.98439097451e-18
-5.33927734003e-18
-5.30570685719e-18
-5.15579887948e-18
-5.73763154663e-18
-5.12030844944e-18
-5.02497281608e-18
-5.00485646296e-18
-5.20324239692e-18
-5.0797530361e-18
-5.25787520334e-18
-6.83957418341e-18
-6.13849879227e-18
-6.15535501308e-18
-5.45278017045e-18
-5.81509127027e-18
-5.24484844455e-18
-8.16167752117e-18
-7.79289738059e-18
-8.92411414862e-18
-7.36782825957e-18
-6.4150713358e-18
-6.36273358705e-18
-6.35454795191e-18
-6.85928135852e-18
-4.84153906161e-18
-5.24903158658e-18
-4.79270278556e-18
-6.50161265305e-18
-4.01531689149e-18
-4.11783632831e-18
-3.94788070991e-18
-4.98702152916e-18
-6.31427702966e-18
-5.12765253687e-18
-4.29819819188e-18
-3.82646263744e-18
-3.43245953142e-18
-4.04130286206e-18
-6.39239560094e-18
-4.37344805059e-18
-4.45535971687e-18
-6.83572145693e-18
-7.91727200561e-18
-8.54056494283e-18
-7.88971703894e-18
-8.00575033094e-18
-6.54734434334e-18
-7.13012742976e-18
-8.53836073881e-18
-6.7928542113e-18
-8.0162479394e-18
-9.26049520774e-18
-9.6102033475e-18
-9.92589361483e-18
-1.15901141048e-17
-1.23650364952e-17
-1.23658872177e-17
-1.24028691772e-17
-1.0245316094e-17
-1.06935523984e-17
-1.09829656906e-17
-1.1035172349e-17
-1.12374384283e-17
-1.12125217627e-17
-1.1253036028e-17
-1.32948723234e-17
-1.39898645828e-17
-1.35066429724e-17
-1.46844374558e-17
-1.43690525025e-17
-1.48403146251e-17
-1.49728937202e-17
-1.49112983052e-17
-1.49920137333e-17
-1.42775820128e-17
-1.45925169921e-17
-1.40725625926e-17
-1.47261522298e-17
-1.51956312183e-17
-1.4963391665e-17
-1.29029825405e-17
-1.30313463324e-17
-1.39401559894e-17
-1.26084956557e-17
-1.20145670451e-17
-1.20005404405e-17
-1.08990356811e-17
-1.07694810987e-17
-1.18108033914e-17
-1.11031132551e-17
-1.1330075838e-17
-1.23017162176e-17
-1.05003246491e-17
-1.11477321091e-17
-1.07030377364e-17
-1.02585322245e-17
-9.70674462518e-18
-1.06975829506e-17
-9.94508907963e-18
-9.26315003456e-18
-9.34418620092e-18
-8.8321806504e-18
-9.9242048837e-18
-9.74590703609e-18
-8.72603713587e-18
-8.65215901533e-18
-6.00135118555e-18
-5.80807509913e-18
-5.42194422439e-18
-5.29896553642e-18
-6.54817291784e-18
-7.51174687027e-18
-6.68938298467e-18
-5.21474719056e-18
-6.1287425356e-18
-6.25819584929e-18
-5.85352502493e-18
-5.7376586968e-18
-1.74438310431e-18
-2.10269918254e-18
-3.98655473801e-18
-3.88787445472e-18
-3.33834205659e-18
-4.1980210358e-18
-3.60655440886e-18
-3.41992647529e-18
2.97620621569e-20
-2.57682188991e-19
-1.15842974287e-18
-1.81576411124e-18
-8.15289540643e-19
-4.04079146667e-19
-1.81615457163e-18
-2.18127306484e-18
-2.42597239392e-18
-1.96082768004e-18
8.69111630482e-19
2.58461856458e-19
1.8378308063e-18
1.35619141604e-18
1.68514599703e-18
1.53555156885e-18
1.63977658489e-18
3.44645075358e-18
4.36334927161e-18
3.88968840959e-18
5.11277041415e-18
5.25036292293e-18
5.11412673676e-18
5.13193034753e-18
4.94637491842e-18
3.27074469479e-18
1.01470298891e-18
4.78779814124e-19
7.45783095487e-19
1.96713907557e-19
2.76294209642e-18
3.31819847028e-18
2.24225899766e-18
3.60247221815e-18
2.95802419424e-18
2.16871658814e-18
3.50081083394e-18
5.21409138386e-18
4.81847302529e-18
4.84867606729e-18
3.62470535253e-18
3.64296086662e-18
3.69832687143e-18
4.40978925218e-18
3.48977330344e-18
5.43250415568e-18
2.32165510351e-18
3.2562344634e-18
1.63998007177e-18
-1.10901439604e-18
6.17714267894e-19
3.16714491757e-19
1.65618997486e-18
2.19424265021e-18
2.70869394536e-18
2.74884085283e-18
3.95482099487e-18
2.51184311139e-18
3.6820073953e-18
2.36411524257e-18
2.33079368298e-18
3.20280483655e-18
2.24821580151e-18
2.30846775099e-18
3.52454965561e-18
4.9107725902e-18
7.16515830256e-18
8.61915930857e-18
1.01426442032e-17
9.88947164602e-18
9.10466494786e-18
8.79089171972e-18
9.00097440015e-18
8.68591989508e-18
8.86331094335e-18
8.74701569357e-18
9.4699653248e-18
1.02395722718e-17
1.14289682981e-17
1.10941721903e-17
1.29600243013e-17
1.17838177576e-17
1.16712924984e-17
1.22167689558e-17
1.14603712021e-17
1.12566351773e-17
1.20325822797e-17
1.2085644727e-17
1.20407192526e-17
1.18352725746e-17
1.29630345137e-17
1.18725593679e-17
1.0754996098e-17
1.04413522922e-17
8.22201056608e-18
8.1241973193e-18
7.76684249635e-18
7.85926760354e-18
5.59395800343e-18
5.55400866833e-18
4.07248920162e-18
4.44461481746e-18
5.42817485953e-18
6.14022967408e-18
5.76582700997e-18
5.76979543812e-18
4.61991889453e-18
5.37724560168e-18
4.91982991138e-18
5.27952990026e-18
3.5721732414e-18
3.19866034034e-18
2.37122350048e-18
2.50677615077e-18
4.20058976643e-18
4.64200474326e-18
6.48602268437e-18
5.94125349962e-18
4.40339051285e-18
4.37301043073e-18
4.0241148721e-18
3.7971150331e-18
4.80047828659e-18
2.68915818482e-18
2.81873828326e-18
3.1720630174e-18
5.04390100346e-18
4.21930431091e-18
4.23195979085e-18
5.20665518845e-18
4.33219864641e-18
5.14814346862e-18
6.01770856077e-18
5.76469948827e-18
5.99965528247e-18
5.94095865583e-18
6.94432491171e-18
6.93234975052e-18
8.10507936966e-18
8.89312370254e-18
6.61718312311e-18
7.2044602405e-18
7.43901952253e-18
7.46779893423e-18
8.9857220289e-18
8.63935353e-18
9.48409300877e-18
9.84173613509e-18
9.15069242111e-18
8.97368576978e-18
7.0665159989e-18
7.12484231831e-18
6.08329218447e-18
4.14366656202e-18
3.76305827336e-18
3.35672842202e-18
3.24546743475e-18
3.90259675898e-18
3.78784375453e-18
4.52978397461e-18
5.07225855507e-18
5.0554557043e-18
3.72133152889e-18
4.70741231079e-18
6.04931998814e-18
6.57626243261e-18
6.74225001121e-18
6.45577941848e-18
6.37012260964e-18
6.49816644038e-18
5.55415001924e-18
6.92645717711e-18
8.95123278332e-18
8.90665171184e-18
1.00757125122e-17
1.00933186293e-17
1.00749095777e-17
9.89729806362e-18
9.92552137963e-18
1.0422764164e-17
1.03271511435e-17
1.03508043162e-17
1.26066114579e-17
1.0
1.0
1.0
1.0
1.0
1.0
1.0
1.0
1.0
1.0
1.0
1.0
1.0
1.0
1.0
1.0
1.0
1.0
1.0
1.0
1.0
1.0
1.0
1.0
1.0
1.0
1.0
1.0
1.0
1.0
1.0
1.0
1.0
1.0
1.0
1.0
1.0
1.0
1.0
1.0
1.0
1.0
1.0
1.0
1.0
1.0
1.0
1.0
1.0
1.0
1.0
1.0
1.0
1.0
1.0
1.0
1.0
1.0
1.0
1.0
1.0
1.0
1.0
1.0
1.0
1.0
1.0
1.0
1.0
1.0
1.0
1.0
1.0
1.0
1.0
1.0
1.0
1.0
1.0
1.0
1.0
1.0
1.0
1.0
1.0
1.0
1.0
1.0
1.0
1.0
1.0
1.0
1.0
1.0
1.0
1.0
1.0
1.0
1.0
1.0
1.0
1.0
1.0
1.0
1.0
1.0
1.0
1.0
1.0
1.0
1.0
1.0
1.0
1.0
1.0
1.0
1.0
1.0
1.0
1.0
1.0
1.0
1.0
1.0
1.0
1.0
1.0
1.0
1.0
1.0
1.0
1.0
1.0
1.0
1.0
1.0
1.0
1.0
1.0
1.0
1.0
1.0
1.0
1.0
1.0
1.0
1.0
1.0
1.0
1.0
1.0
1.0
1.0
1.0
1.0
1.0
1.0
1.0
1.0
1.0
1.0
1.0
1.0
1.0
1.0
1.0
1.0
1.0
1.0
1.0
1.0
1.0
1.0
1.0
1.0
1.0
1.0
1.0
1.0
1.0
1.0
1.0
1.0
1.0
1.0
1.0
1.0
1.0
1.0
1.0
1.0
1.0
1.0
1.0
1.0
1.0
1.0
1.0
1.0
1.0
1.0
1.0
1.0
1.0
1.0
1.0
1.0
1.0
1.0
1.0
1.0
1.0
1.0
1.0
1.0
1.0
1.0
1.0
1.0
1.0
1.0
1.0
1.0
1.0
1.0
1.0
1.0
1.0
1.0
1.0
1.0
1.0
1.0
1.0
1.0
1.0
1.0
1.0
1.0
1.0
1.0
1.0
1.0
1.0
1.0
1.0
1.0
1.0
1.0
1.0
1.0
1.0
1.0
1.0
1.0
1.0
1.0
1.0
1.0
1.0
1.0
1.0
1.0
1.0
1.0
1.0
1.0
1.0
1.0
1.0
1.0
1.0
1.0
1.0
1.0
1.0
1.0
1.0
1.0
1.0
1.0
1.0
1.0
1.0
1.0
1.0
1.0
1.0
1.0
1.0
1.0
1.0
1.0
1.0
1.0
1.0
1.0
1.0
1.0
1.0
1.0
1.0
1.0
1.0
1.0
1.0
1.0
1.0
1.0
1.0
1.0
1.0
1.0
1.0
1.0
1.0
1.0
1.0
1.0
1.0
1.0
1.0
1.0
1.0
1.0
1.0
1.0
1.0
1.0
1.0
1.0
1.0
1.0
1.0
1.0
1.0
1.0
1.0
1.0
1.0
1.0
1.0
1.0
1.0
1.0
1.0
1.0
1.0
1.0
1.0
1.0
1.0
1.0
1.0
1.0
1.0
1.0
1.0
1.0
1.0
1.0
1.0
1.0
1.0
1.0
1.0
1.0
1.0
1.0
1.0
1.0
1.0
1.0
1.0
1.0
1.0
1.0
1.0
1.0
1.0
1.0
1.0
1.0
1.0
1.0
1.0
1.0
1.0
1.0
1.0
1.0
1.0
1.0
1.0
1.0
1.0
1.0
1.0
1.0
1.0
1.0
1.0
1.0
1.0
1.0
1.0
1.0
1.0
1.0
1.0
1.0
1.0
1.0
1.0
1.0
1.0
1.0
1.0
1.0
1.0
1.0
1.0
1.0
1.0
1.0
1.0
1.0
1.0
1.0
1.0
1.0
1.0
1.0
1.0
1.0
1.0
1.0
1.0
1.0
1.0
1.0
1.0
1.0
1.0
1.0
1.0
1.0
1.0
1.0
1.0
1.0
1.0
1.0
1.0
1.0
1.0
1.0
1.0
1.0
1.0
1.0
1.0
1.0
1.0
1.0
1.0
1.0
1.0
1.0
1.0
1.0
1.0
1.0
1.0
1.0
1.0
1.0
1.0
1.0
1.0
1.0
1.0
1.0
1.0
1.0
1.0
1.0
1.0
1.0
1.0
1.0
1.0
1.0
1.0
1.0
1.0
1.0
1.0
1.0
1.0
1.0
1.0
1.0
1.0
1.0
1.0
1.0
1.0
1.0
1.0
1.0
1.0
1.0
1.0
1.0
1.0
1.0
1.0
1.0
1.0
1.0
1.0
1.0
1.0
1.0
1.0
1.0
1.0
1.0
1.0
1.0
1.0
1.0
1.0
1.0
1.0
1.0
1.0
1.0
1.0
1.0
1.0
1.0
1.0
1.0
1.0
1.0
1.0
1.0
1.0
1.0
1.0
1.0
1.0
1.0
1.0
1.0
1.0
1.0
1.0
1.0
1.0
1.0
1.0
1.0
1.0
1.0
1.0
1.0
1.0
1.0
1.0
1.0
1.0
1.0
1.0
1.0
1.0
1.0
1.0
1.0
1.0
1.0
1.0
1.0
1.0
1.0
1.0
1.0
1.0
1.0
1.0
1.0
1.0
1.0
1.0
1.0
1.0
1.0
1.0
1.0
1.0
1.0
1.0
1.0
1.0
1.0
1.0
1.0
1.0
1.0
1.0
1.0
1.0
1.0
1.0
1.0
1.0
1.0
1.0
1.0
1.0
1.0
1.0
1.0
1.0
1.0
1.0
1.0
1.0
1.0
1.0
1.0
1.0
1.0
1.0
1.0
1.0
1.0
1.0
1.0
1.0
1.0
1.0
1.0
1.0
1.0
1.0
1.0
1.0
1.0
1.0
1.0
1.0
1.0
1.0
1.0
1.0
1.0
1.0
1.0
1.0
1.0
1.0
1.0
1.0
1.0
1.0
1.0
1.0
1.0
1.0
1.0
1.0
1.0
1.0
1.0
1.0
1.0
1.0
1.0
1.0
1.0
1.0
1.0
1.0
1.0
1.0
1.0
1.0
1.0
1.0
1.0
1.0
1.0
1.0
1.0
1.0
1.0
1.0
1.0
1.0
1.0
1.0
1.0
1.0
1.0
1.0
1.0
1.0
1.0
1.0
1.0
1.0
1.0
1.0
1.0
1.0
1.0
1.0
1.0
1.0
1.0
1.0
1.0
1.0
1.0
1.0
1.0
1.0
1.0
1.0
1.0
1.0
1.0
1.0
1.0
1.0
1.0
1.0
1.0
1.0
1.0
1.0
1.0
1.0
1.0
1.0
1.0
1.0
1.0
1.0
1.0
1.0
1.0
1.0
1.0
1.0
1.0
1.0
1.0
1.0
1.0
1.0
1.0
1.0
1.0
1.0
1.0
1.0
1.0
1.0
1.0
1.0
1.0
1.0
1.0
1.0
1.0
1.0
1.0
1.0
1.0
1.0
1.0
1.0
1.0
1.0
1.0
1.0
1.0
1.0
1.0
1.0
1.0
1.0
1.0
1.0
1.0
1.0
1.0
1.0
1.0
1.0
1.0
1.0
1.0
1.0
1.0
1.0
1.0
1.0
1.0
1.0
1.0
1.0
1.0
1.0
1.0
1.0
1.0
1.0
1.0
1.0
1.0
1.0
1.0
1.0
1.0
1.0
1.0
1.0
1.0
1.0
1.0
1.0
1.0
1.0
1.0
1.0
1.0
1.0
1.0
1.0
1.0
1.0
1.0
1.0
1.0
1.0
1.0
1.0
1.0
1.0
1.0
1.0
1.0
1.0
1.0
1.0
1.0
1.0
1.0
1.0
1.0
1.0
1.0
1.0
1.0
1.0
1.0
1.0
1.0
1.0
1.0
1.0
1.0
1.0
1.0
1.0
1.0
1.0
1.0
1.0
1.0
1.0
1.0
1.0
1.0
1.0
1.0
1.0
1.0
1.0
1.0
1.0
1.0
1.0
1.0
1.0
1.0
1.0
1.0
1.0
1.0
1.0
1.0
1.0
1.0
1.0
1.0
1.0
1.0
1.0
1.0
1.0
1.0
1.0
1.0
1.0
1.0
1.0
1.0
1.0
1.0
1.0
1.0
1.0
1.0
1.0
1.0
1.0
1.0
1.0
1.0
1.0
1.0
1.0
1.0
1.0
1.0
1.0
1.0
1.0
1.0
1.0
1.0
1.0
1.0
1.0
1.0
1.0
1.0
1.0
1.0
1.0
1.0
1.0
1.0
1.0
1.0
1.0
1.0
1.0
1.0
1.0
1.0
1.0
1.0
1.0
1.0
1.0
1.0
1.0
1.0
1.0
1.0
1.0
1.0
1.0
1.0
1.0
1.0
1.0
1.0
1.0
1.0
1.0
1.0
1.0
1.0
1.0
1.0
1.0
1.0
1.0
1.0
1.0
1.0
1.0
1.0
1.0
1.0
1.0
1.0
1.0
1.0
1.0
1.0
1.0
1.0
1.0
1.0
1.0
1.0
1.0
1.0
1.0
1.0
1.0
1.0
1.0
1.0
1.0
1.0
1.0
1.0
1.0
1.0
1.0
1.0
1.0
1.0
1.0
1.0
1.0
1.0
1.0
1.0
1.0
1.0
1.0
1.0
1.0
1.0
1.0
1.0
1.0
1.0
1.0
1.0
1.0
1.0
1.0
1.0
1.0
1.0
1.0
1.0
1.0
1.0
1.0
1.0
1.0
1.0
1.0
1.0
1.0
1.0
1.0
1.0
1.0
1.0
1.0
1.0
1.0
1.0
1.0
1.0
1.0
1.0
1.0
1.0
1.0
1.0
1.0
1.0
1.0
1.0
1.0
1.0
1.0
1.0
1.0
1.0
1.0
1.0
1.0
1.0
1.0
1.0
1.0
1.0
1.0
1.0
1.0
1.0
1.0
1.0
1.0
1.0
1.0
1.0
1.0
1.0
1.0
1.0
1.0
1.0
1.0
1.0
1.0
1.0
1.0
1.0
1.0
1.0
1.0
1.0
1.0
1.0
1.0
1.0
1.0
1.0
1.0
1.0
1.0
1.0
1.0
1.0
1.0
1.0
1.0
1.0
1.0
1.0
1.0
1.0
1.0
1.0
1.0
1.0
1.0
1.0
1.0
1.0
1.0
1.0
1.0
1.0
1.0
1.0
1.0
1.0
1.0
1.0
1.0
1.0
1.0
1.0
1.0
1.0
1.0
1.0
1.0
1.0
1.0
1.0
1.0
1.0
1.0
1.0
1.0
1.0
1.0
1.0
1.0
1.0
1.0
1.0
1.0
1.0
1.0
1.0
1.0
1.0
1.0
1.0
1.0
