-3.99856e-07
3998
5000000000.0
-0.067627719563
-0.0736151728676
0.0501366120682
0.0741779154755
-0.0473921189719
-0.0737219173565
-0.0761575936302
0.0486506675258
0.0712373915814
-0.172244402618
0.0241536682989
-0.0540422614568
0.0493696418477
-0.0524424462653
-0.0716388681583
0.174322128507
0.104174539801
0.209839390099
0.107142626203
-0.0371616756879
0.18185739171
0.107640201956
0.209796854615
-0.0175092369127
-0.0654960914289
0.0520324750568
0.0776387706571
0.0789640525054
-0.0461019597615
-0.0710792055785
0.0499473205103
0.0764894648966
0.0762147517477
-0.172498448819
-0.0989021181839
0.0448764639464
0.0724679328407
-0.0489471750805
-0.0726575646058
0.0510368075037
0.203034001128
0.232572058068
0.110472383565
-0.0383009186282
0.0584562311335
0.206337690151
0.232463161446
-0.012372340505
0.0610755320167
0.081760086925
0.208271855701
0.107771450831
-0.0385422004297
0.0569359594672
0.080598800393
0.207887736231
0.105564873948
-0.16444716838
0.0295493392111
0.0760471463958
0.204275781657
-0.0213030179625
-0.194045350466
-0.101246749422
0.0452427179876
0.0745738583333
0.0751407059976
-0.172846189806
-0.0990825193864
0.0453087775616
0.0724347019436
-0.0491809480971
-0.0748543805655
-0.0769703913054
0.0461036252306
-0.0510684314113
0.0516381916393
0.0756385261016
0.0813386802906
0.204593742255
-0.0193285391292
-0.0669320118505
0.0511015285009
0.0785175716427
0.201984190236
-0.145601363544
-0.0960948069934
-0.0791572462367
0.0481636441167
0.0707091704306
-0.174625954362
-0.102092389174
-0.0816025582558
0.0448576945129
-0.0542244545369
-0.0747616408651
0.0456176286526
-0.0515964929613
0.0475457176938
-0.176576345253
0.0267104249036
0.196443753078
0.107190929241
0.208022710078
-0.0166951210743
0.0613328113556
0.204415250547
0.108807405078
0.0839486148112
-0.0426448554812
0.0555334545988
0.0778408575171
0.0796270734624
-0.0464174237984
-0.0710281852525
0.050008651558
0.0759048300924
0.0784396293342
-0.0490702209341
-0.197488559512
0.0223847563636
0.0688827010454
-0.0477464715925
0.0485291555305
-0.177490072139
-0.0986310938643
0.169903037386
0.102594719718
0.204898800465
-0.144943845421
-0.0921449380017
0.172435965543
0.102035034684
0.0815441375431
-0.0458106211422
-0.0712408424631
0.0498130984345
0.0741309978701
-0.0463413704654
0.0514474048956
-0.0493627613413
0.0528751342375
0.072339898224
-0.172018664595
0.0242002755193
-0.0541255966422
0.0492162715605
-0.0547269659916
-0.201550135008
-0.104745269588
0.0447258266581
0.198686567062
0.100925069177
-0.171373581243
-0.224498765391
0.0196363939968
0.19313583395
-0.0239375613262
-0.0735588806314
-0.202289241419
0.0206684393774
0.0699026160642
0.077180876276
0.0750557766497
-0.171684190402
0.0261064567038
0.0696470951907
-0.0455268645231
0.176066664236
-0.0227851304342
0.0549344322997
-0.0509197942116
-0.0726322208941
0.046946097837
-0.0526179689088
-0.0760237822625
-0.0796686399077
-0.0804144166831
-0.0811261750969
-0.0808495632035
-0.0834550171204
-0.207720465368
-0.109232013018
-0.088790394412
-0.207221292815
0.0156002450638
-0.0582037923969
0.0484685106967
0.0711185619793
-0.046218868809
0.175626430671
-0.0254178524035
-0.06789012157
0.172906005494
-0.0236405552126
0.055914425922
0.0749800147242
-0.0460122694424
0.0512277502862
-0.04937008078
0.0522692389203
0.0738779496623
-0.0464621766581
0.0510881680707
-0.0513846234693
-0.0717878120638
0.172157767652
-0.025674586915
-0.0695647553544
0.0475706745544
-0.0505528425647
0.0518941727232
0.0754779138105
0.0795362805572
0.078310750094
-0.0450186115445
0.0539861156673
0.0767562375416
0.0782038174542
-0.0473448045093
-0.0738681135207
-0.0744164664722
0.173823402404
0.0983571872157
-0.168308393246
0.0249323703194
-0.0517029756874
0.175225572299
-0.0271726051461
-0.194981583792
0.0202074023916
-0.0532056863394
0.172322634051
-0.15167372674
-0.0943886103346
0.168424334684
-0.0247077048079
0.0536712493662
-0.0514225464516
-0.0729903998377
0.0464391943242
-0.0528796039391
-0.0744270111626
0.0459154104708
-0.0514100678411
0.0494776607404
-0.0543405421857
-0.200105232042
0.0187791299071
-0.058228377082
-0.0761189660672
0.0431346557241
-0.179929889755
-0.102351629394
0.0425617656871
0.0743866257515
0.199313148357
-0.149464019482
-0.221547325153
0.0176408905752
0.0691991486382
0.0745286341254
-0.0510803750476
-0.201033613668
-0.105068992816
0.0410221620161
-0.0534857593383
0.0462134904838
-0.179227832056
-0.102182602347
0.0391386719312
-0.177213538375
0.146747812287
-0.0308666958613
-0.073554855477
-0.0818291741541
-0.204546233905
0.0190049807971
0.0686852439357
0.0764262848712
0.0741442042786
-0.174227589515
-0.10056346979
0.043970288495
0.0712518513078
-0.0524544063614
-0.202056483051
-0.107347202559
-0.0817586791356
0.170983581343
0.0976167621095
-0.0458380022707
-0.0749489465285
-0.0752971932213
0.17126530183
-0.0247969479915
0.0555803219846
0.0741598027266
-0.0461968607881
0.0527964497017
0.0763833258927
0.0777391238797
-0.0474147365749
-0.071911373338
0.049017486568
0.0733999895974
-0.0487517854646
-0.0745731928408
-0.0786603354824
-0.0784113934272
0.0450688788103
-0.0558695690908
-0.200416273512
0.0185924616561
-0.058393259756
-0.0760668883211
0.0447595405314
-0.0520378300756
0.0489069000926
-0.0551903585537
-0.198314397256
0.144299928512
-0.0309497418945
-0.071822606046
0.044434049068
-0.177131598668
0.021921855804
-0.0590613887565
-0.19975624147
0.141677140684
-0.155227625523
0.0227854516117
-0.184663114848
-0.228574221947
0.0110613495158
-0.185959881999
-0.106840938044
-0.0884878111756
-0.208870846916
-0.110490866137
-0.0854001239699
0.0435403344884
0.0676033325744
-0.178837402113
-0.22983573016
-0.112469537812
-0.083817072419
0.167283171428
-0.0290955884792
-0.0717110022189
0.0459083149447
-0.0516462099085
0.0508011750705
0.0722575033892
-0.047412001774
0.0501223110752
-0.0523156797508
-0.0720545896312
0.173602757425
0.103613826782
0.207000700081
-0.0192219759576
-0.0649499034109
0.176386394202
0.103496972719
0.0843798284547
0.0801971616635
-0.0436963336726
0.0542821832471
0.0776486160747
0.0787886348685
-0.0464936314294
-0.0715357431553
0.0497517638036
0.074023277042
-0.0479286912227
-0.0743020216365
-0.0763431767242
0.0461448994392
-0.0532033824013
-0.0779416310573
-0.203434597024
0.0220606819766
0.19344989867
-0.0255799397978
-0.197397001157
-0.103590173159
0.0451804575822
0.194849796484
-0.148833395981
-0.0985281892125
-0.080908890187
0.0463732213738
0.0716513634491
-0.0475734719283
0.0501728847512
-0.0503458279144
0.0501861018289
-0.0504072604495
0.05227309263
0.0715428840771
-0.172380585
0.0220389853707
-0.180394731876
0.0219597662489
-0.0596121616506
-0.203144005275
-0.109750094969
-0.209687329946
0.013644113159
-0.187848563644
-0.233791192818
-0.241604523386
-0.241257681698
-0.116908859803
-0.0901143767818
-0.0852805872788
-0.0846977891818
-0.0818026303912
0.0440799370157
0.071705829395
0.0765978577037
0.0759801204305
-0.0486682327063
-0.0717394425369
0.17581310005
0.229194920167
0.236018510034
0.111135364432
-0.036736414506
0.184197351206
0.233015417075
0.238633840525
0.112789276275
-0.035370715717
0.185313292372
0.23209179188
0.115662896385
0.212054411956
-0.0118736191484
0.189143871175
0.233236349997
0.11464491676
0.0869814428111
-0.0385896902071
0.184912766396
0.231961824547
0.114156654438
0.0867251817689
-0.0385173924887
0.182778037259
0.106046559495
0.0848258881186
-0.043944805758
-0.0674415426547
0.177265342624
0.102161734874
-0.04048115896
0.0537612025794
-0.0454109739344
0.180082965801
0.102575219295
-0.040567905011
0.0536709115023
-0.0476053469741
0.0559608678213
0.20318867459
0.109835074644
0.209903246755
-0.0148640112021
0.060531062721
0.0796569757471
0.0821224917852
0.0802493156918
-0.0430014915104
0.0553466406547
0.0779085957089
0.0814989100727
0.0779909958247
-0.16925238947
0.0279198410543
0.0729442520556
0.0775792125715
-0.0489580979845
-0.199243841837
-0.101373200731
0.171674761305
0.226736367225
0.106578294416
-0.167243640483
-0.095378319538
0.173892981182
0.225876981458
-0.0168527136905
-0.068403916279
-0.0725336802799
0.175381010922
0.103029866845
0.0845805092591
0.0804119901612
-0.0417312698532
0.18106211178
0.103060131497
-0.0400347054194
0.0537432386303
-0.0457586695378
0.177925265476
-0.0234783623879
-0.0695590235919
-0.0768213596971
-0.0764811406379
0.0462809775202
-0.0527918219331
-0.0777699733642
-0.205396710748
-0.10516158791
0.0384876355648
-0.179159390084
0.0190745726081
-0.183906017597
-0.104836876078
-0.085586374163
-0.0787127388127
0.169170808249
-0.025743150094
0.0553083253986
0.0739639073012
-0.0460105593976
0.0526560835788
0.0762277787373
0.0776997296071
-0.0475142325217
-0.0736568428062
-0.0766564011719
0.046381450078
-0.0531621783408
-0.0760311215195
-0.0793743970954
-0.0786276549102
0.0452389636173
-0.0558469933107
-0.20060213673
0.0184159854886
-0.058265988696
-0.0759508132921
0.0449791802538
-0.0500332052321
0.176800902043
0.10220626684
0.0857585000774
0.205239427328
-0.0151014274918
0.184723812669
0.105854189933
0.0859272652033
0.0806087651254
-0.0430320395413
0.0569758222671
0.203676970199
0.108526699779
0.0840741153917
-0.0423870391481
0.05756760326
0.20404285407
0.106553623013
-0.0416361064026
-0.06957311422
0.053025496795
0.200494678234
-0.0181958969347
0.0587201043071
0.0787221159283
0.0815102775072
0.0800131161884
-0.043687670629
0.0550816645711
0.0776581811923
0.0809338587011
0.077793383882
-0.167955723823
0.153469618253
0.100078807868
0.0821251559056
-0.0475245373897
-0.194867671145
0.146851506904
-0.0254077519903
0.181901438262
0.100279804644
-0.164689086847
0.151757120489
-0.023574426564
0.180773773224
-0.0253326140231
-0.193510967938
0.021323325436
-0.0540589988245
0.0512841681001
0.0715188973005
-0.173893302138
-0.102056912442
-0.0810601932183
0.0444668185731
-0.0561167977884
-0.202385981166
-0.107530496176
-0.0853386193153
-0.0808483466194
0.0435077050794
-0.0526026146188
0.0503436458308
0.0725410673429
-0.0494104680997
-0.0735592629239
0.0500886271788
0.200310873106
0.101932965433
-0.167504131532
0.0273460822642
0.074142843244
0.202706150029
-0.0225465488266
-0.193637167711
0.0231993086311
0.0730068524161
0.200404706384
-0.146715076135
-0.0950357898937
0.0456394210335
0.0745253258282
0.0768920095872
-0.0477102896565
-0.0740997312623
-0.0768355015297
0.0462461944383
-0.0513898007375
0.0497992605596
-0.0523601381106
-0.0737021824542
0.0446513662348
-0.177093199805
0.0205448923502
-0.183049255158
-0.104548425887
-0.087099380656
-0.208320708878
-0.109620665386
-0.0850063735028
0.044387174727
0.0680786940361
-0.178554201586
-0.229750137271
-0.11038866102
0.0384581687003
-0.0570361226515
-0.0787477251374
-0.0798204825064
0.0478099274898
0.198965076319
0.104754689946
0.0817723549347
-0.0448579012051
0.0559239745675
0.200393533861
-0.0169385703829
0.183750156126
0.104888944589
0.0856871319741
0.0805321342296
-0.0412907371639
0.180821535125
0.10478259133
0.08562197075
0.0807070433561
-0.0430739642025
0.0549973843984
0.0778393612565
0.0790511943769
-0.0466932482697
-0.0711986423775
0.0479852103311
-0.0478404933985
0.178400994011
0.101235988802
-0.0410963411387
0.0529296991726
-0.0462871892936
0.179264355832
0.0998048896987
-0.164970741853
0.151638656967
-0.0255845013287
0.0584440498506
0.199409498938
-0.143776264825
0.0291721037112
-0.0519758875181
0.0523363903791
0.0721961451057
-0.17178238456
0.0240150455993
-0.0538209944246
0.0493059563224
-0.0547005411446
-0.201246905928
-0.105022934362
0.0427375247354
0.0688827138926
-0.176086454901
-0.101005086713
0.0434177858002
0.0711834256518
-0.0502180562532
-0.0757531448568
-0.0778238688212
0.0470726053935
0.0700601145998
-0.173618318198
0.0252196771016
0.0706838324331
0.0760336482396
-0.0483363971665
-0.073152810858
0.048828318317
0.072724483637
-0.0469878588995
0.0509162662691
-0.0519769077257
-0.0737026544955
0.0465339442763
-0.0529156189898
-0.0760583847234
-0.0798596749638
-0.0805687156202
-0.0791749740414
0.0447858289729
-0.056154369231
-0.202708811813
-0.109518810912
-0.209722593244
0.014042389279
-0.185916695174
-0.104392894411
0.0376213413118
-0.182038825785
-0.105638387029
-0.0859430665036
-0.0832219563246
-0.0850979778649
-0.210518270568
-0.234175533371
0.0130091358204
0.0661825785779
0.0727200225651
-0.0504154440526
-0.0746984103303
0.0471284923429
0.0717438877455
-0.0481433855773
0.0498732423757
-0.0527056748794
-0.0727321858422
0.173706768013
0.103404808804
0.207082017074
-0.0194273730325
-0.0651397292209
0.176647174885
0.105408962842
0.206179965465
-0.14436231296
-0.0934439694186
0.0465037206754
0.0754167821575
0.0771418906285
-0.0473804416146
-0.0717620327209
0.0492870304931
0.0736360380132
-0.0485292888085
-0.0746035222827
-0.0768699713164
0.0476029514352
0.0705156318632
-0.172976654319
0.0255944220926
0.0731135775959
0.205857738496
0.228718986133
-0.141380878831
-0.0932309588219
0.048700256816
0.200958406434
0.104215184952
-0.0429978576097
-0.0706550140741
0.0522392979199
0.200012390377
-0.0211556866863
-0.0696976327444
-0.0751692716601
0.0507966226402
0.197234055532
-0.14525510363
0.0307246760909
0.0731637359585
0.0791851486819
0.0763509426616
-0.172506411298
-0.0990550397905
0.0448658538626
0.0721150342961
-0.0494323133612
-0.0748574394394
-0.0771442542889
0.0479162923194
0.0706795637334
-0.175232430658
-0.102422134591
-0.0840937776638
-0.0777842567398
0.170162116208
-0.0252459191956
0.0554113675857
0.0742855455453
-0.0461072819379
0.0512186956756
-0.0515839876763
-0.073635151068
0.0464694271956
-0.052903114175
-0.0745472532566
0.0464005710085
-0.0532069658846
-0.0762114660873
-0.0794797664766
-0.07897444758
0.0446368409007
-0.0560822092685
-0.200731923445
0.0205361221389
0.0711918669985
0.202515685384
0.102285403008
-0.168910152028
-0.0984734498719
0.0450602271303
0.0757757647344
0.202228451328
-0.0204484612113
-0.0679844676349
0.050634677002
0.0760789827534
0.077773122107
-0.0469711352143
-0.0722490868319
0.0492231841151
0.0736626694019
-0.046517278489
0.0535172798322
0.0781704469659
0.205549734718
0.106244724912
-0.0418238166062
-0.0701113835899
0.0525443771152
0.200055924515
-0.0187060242802
0.0564182546276
-0.0477181261759
0.0562414191502
0.199048373288
-0.143989855079
0.0294823313016
-0.0522624535361
0.0527294342061
0.0723880377315
-0.173562477457
-0.0996275984485
0.0447284668339
0.0722644371113
-0.0510530198366
-0.202512799352
-0.230433946231
0.0158458014875
0.0643431196285
-0.177386916419
-0.105604574491
-0.20879654823
0.0163714177852
-0.0595644848751
-0.0769588116902
0.0422638932242
-0.180384115849
-0.102396981623
0.0423838619593
0.074426319644
0.200888373078
-0.0214723735152
-0.0702430896565
-0.0761675726209
0.0482777205495
0.072313723082
-0.0509299113481
-0.201011546895
-0.10476482793
0.0408571934919
-0.0533786364381
0.046738817256
-0.179030664928
-0.101877826244
0.0407918661029
-0.0551689558771
-0.0773832892026
-0.0787559390279
0.0484363922589
0.198910475036
0.105325659935
0.0840744349845
0.0818038378582
0.0815985191827
0.0812250165798
0.0795872905424
-0.0443831460853
0.0543442140912
0.0772389080439
0.0782592894634
-0.046728733726
-0.0716573793888
0.0496791591134
0.0756136293809
0.0775293272471
-0.0473639301041
-0.0739416222447
-0.0747459971361
0.175838027657
0.227872096931
0.110806051456
0.0843326650518
-0.0408567124704
0.181208541229
0.106807253379
0.211262312376
0.108121063731
-0.0365015006996
0.182534731299
0.107998046404
0.210254438002
-0.0171085811203
-0.0630811772617
0.178150697696
0.106627575455
0.207632890613
-0.143192308763
-0.0924224965905
0.047337119071
0.0759374440477
0.0759907958537
-0.172581317554
-0.0987248024043
0.0449501972295
0.072467371508
-0.0491811001705
-0.074707162852
-0.0770140173415
0.0476544657783
0.0706460747529
-0.173064431808
0.0257562412568
0.0731102378345
0.206040816959
0.230820464131
-0.0134342125478
0.0601471389783
0.0809275373077
0.207457455787
0.10681217545
-0.0412242730421
-0.0696861088509
0.0530653574045
0.20069813472
-0.0205055216282
-0.0690601355652
-0.0748921053058
0.0511419838362
0.199527019498
-0.023022468502
-0.195448211527
-0.1025666043
0.0440708738016
0.0735291488881
0.0765497307626
-0.0458386103953
0.0535437449395
0.0745408201507
-0.0441990597052
0.177495344634
-0.0220201832099
0.0575059188474
0.0757960161595
-0.0453478475958
0.0538422002663
0.0769435888112
0.078476887632
-0.0467934483513
-0.07158466864
0.0494942188256
0.0737946495576
-0.0462621047032
0.0514235562744
-0.0511284259405
-0.0732632504258
0.046925288975
-0.0505451081188
0.0479737693329
-0.178180537326
-0.102795743508
-0.0819830804977
0.048128443872
0.195257746577
-0.148288658512
-0.0999340019629
-0.206496203185
0.0197046547339
0.0668943377377
-0.0492599833969
0.0474651093402
-0.176602890533
0.0226458444377
-0.0552496645144
0.0524569185441
0.196248596133
-0.145753689271
0.0259887885016
-0.17923113026
0.0244383751239
0.0684236789027
-0.0461497328795
0.173629117885
-0.149172606081
0.0277865851764
-0.055498235938
-0.0739832975008
0.0435161919147
-0.177442149827
0.0201345420574
-0.183268987476
-0.104139039617
-0.0855599742915
-0.0785738879907
0.167145033728
-0.153647866981
-0.10159029438
-0.209940906055
-0.106908050215
0.0386676992338
-0.0544930671097
0.0474541375769
-0.0541856047639
-0.0765901647345
-0.0789156401397
0.0486030797714
0.19680033311
-0.0228185477873
-0.0730077887583
-0.202644701971
0.020814725486
0.0692400902341
0.0769261493664
0.0747559136385
-0.172255715719
0.0261797733658
0.0692100817369
-0.0457230216211
0.173757130036
-0.149059222044
0.0274486858103
-0.0558814757996
-0.0742870403894
0.0458161966495
-0.049486563392
0.175020052041
-0.0257212028029
-0.0710351340492
-0.0784653519124
-0.0754955638136
0.168849024496
-0.152755994284
-0.101116391334
-0.209512076099
-0.106393960255
0.0393664729567
-0.0541778904347
0.0456186569415
-0.179935058972
-0.103903506858
-0.085214767092
-0.0825657928591
-0.0829593177896
-0.0827793641239
-0.084375362281
-0.206656950186
0.0184331156958
0.0676186814825
0.0757124113712
0.073852704999
-0.17266943517
0.0233936911022
-0.0553801923597
0.0483122448308
-0.0536030998315
-0.0728709098502
0.171243795622
-0.0267843115364
-0.0699120477727
0.0469084760784
-0.0489528168539
0.17508486316
-0.025588335347
-0.0712396204411
-0.0786286809075
-0.0779035646615
0.046832878102
0.0737599787193
0.0762592865531
-0.0486414592466
-0.0746129691561
-0.0753675451101
0.173484980162
0.0973993720309
-0.17090293004
-0.101089457153
-0.0794983962655
0.170463883988
-0.027176089366
-0.0703680518085
0.0469020848827
-0.0489758994384
0.173584691905
-0.15121284381
-0.0983572871998
-0.0832581474759
-0.0793945947811
0.0442702588023
-0.0526733582249
0.0490391700463
-0.0533368581394
-0.0764444653863
-0.0803122953042
-0.0790690408343
0.0423273236586
-0.180561267192
-0.106357290534
-0.209332430305
0.0197186222734
0.19154541986
-0.0227950140376
0.051592880447
-0.17588688698
0.0246931046758
0.068152992693
-0.0503457411615
-0.07632290355
-0.0780718772827
0.0450503213628
-0.0525136367682
0.0511444801763
0.0724570392468
-0.0471505611462
0.0504180282296
-0.0503778427345
0.0501339285772
-0.0527011744553
-0.0759122437568
-0.0779538180716
0.0489348841368
0.197758611152
-0.0242585438006
-0.194559530343
0.0221656806157
0.072709669787
0.199361919725
-0.149278827572
-0.221190550443
0.0178911054818
0.0694348690446
0.0747941367765
-0.0490842746172
-0.0730389556351
0.0482994291615
0.0728971361061
-0.0475566213354
0.0505357376933
-0.0519860966585
-0.0739806818384
0.0445878284512
-0.17553198611
0.148029779053
-0.0300356074275
-0.0728406262717
-0.0811819157204
-0.202361728145
0.141395902657
-0.157438554634
-0.102771129479
-0.212435853069
-0.23333470356
0.0114477612119
-0.0591953986376
0.046236847723
-0.0570944066188
-0.203485112827
-0.108490052981
-0.08645153285
-0.0816894362852
0.0407166731741
-0.183391267945
-0.229494884284
0.0144222976043
0.0689534024322
0.199252569505
-0.0249197784617
-0.19555944344
0.021612633817
0.0697726344503
0.0768804119606
0.076682879207
-0.0442763075125
0.178736170027
0.10115438956
-0.0398961179789
0.17813995149
-0.0196354813005
0.183299408542
0.102710787717
-0.0406071857964
0.0530498417218
-0.0461134135689
0.177263454066
-0.0242886132603
-0.0681892643014
0.0482814279043
-0.049626801549
0.0522664769518
0.0737794792728
-0.0478963960283
-0.074625556179
-0.0765827838256
0.0478043096653
0.0703590434513
-0.173086132321
0.0234561556783
-0.0564402181986
-0.0732147858756
0.169377238843
-0.150398096531
0.0246383741617
-0.181937318701
-0.102015923479
0.0410150497289
-0.0513922267727
0.172091908279
-0.151972705964
-0.0990412970686
-0.0834784341073
-0.0794888655664
0.0437713031816
-0.0546779396549
-0.079197242208
-0.206504725244
-0.10832656798
-0.0845073578393
0.0445972409395
0.0680787901694
-0.176590076381
-0.105572115525
-0.208897350027
0.01623424015
-0.0602230871697
-0.0773255297978
0.0418750588167
-0.180748971269
-0.102654088151
0.041962903341
0.0742297729665
0.198496196218
-0.147819136771
-0.0980649359721
-0.0813049373836
0.046547102444
0.0710383355769
-0.0480091366766
0.0498126219528
-0.0509752406131
0.0501449333613
-0.050860572438
0.0519601249009
0.0729713234568
-0.0470396446953
0.0488493003071
-0.176013536305
0.0232497821365
-0.0551952743333
0.052618834489
0.196391528228
-0.145668985496
0.0263599805772
-0.179223443994
0.0246019226302
0.0662724466838
-0.176090696227
-0.105178078998
-0.208379893839
0.0169106436478
-0.0597793279998
-0.0767047304205
0.0421131550363
-0.178413022876
0.0194315648302
-0.184211965126
-0.105234171295
-0.0861628432516
-0.0792887349508
0.168727017208
-0.0263450120633
0.0549606574534
0.0735265673915
-0.0466843938065
0.0501024402972
-0.0502130147968
0.0498764000672
-0.052648393283
-0.0756978610861
-0.0780385489184
0.0492557892548
0.197545852445
-0.0223203888431
-0.0704083423583
-0.0761245717603
0.0502171597402
0.196077873676
-0.145923770591
0.0300781864612
0.0724250629746
0.0789654145494
0.0778319379613
-0.0430928498871
0.179431944612
0.103765798588
0.0828295156658
-0.0457120561329
-0.0688018864271
0.175599348641
0.103040648432
0.0805187491061
-0.171797406421
-0.0958944395078
0.169074078818
-0.0223332235507
0.178080536417
-0.149552753987
-0.0951900202743
0.0434622307389
-0.0511599451769
0.0495296498008
-0.052452109535
-0.0736577199211
0.0460730004408
-0.0527843900657
-0.0745330398997
0.0463402178596
-0.0532454433634
-0.0766404926705
-0.0814225336065
-0.204803247802
0.0157303898075
-0.182688478757
0.0220538146716
0.0654634092976
-0.177127458817
-0.105627940174
-0.208686428437
0.0160495210926
-0.0618922914622
-0.207040835341
-0.234883882867
-0.110218369251
0.165406446436
0.0956519587796
-0.0470602744813
-0.0756747194587
-0.0760654669657
0.170664987242
-0.0253329715795
0.0552362691258
0.0741249177531
-0.046591841296
0.0528518781567
0.0777495093584
0.205399122115
0.105828705965
-0.0401856275147
0.0552254303963
0.0795589188522
0.204357070917
-0.0192942865366
-0.0687530962657
-0.0749631811008
0.0512107836777
0.197214826235
-0.144963641187
0.0287631798806
-0.052862472489
0.0521879099372
0.0716825265086
-0.172000516116
0.0239053261424
-0.0543791104498
0.0492924676922
-0.0529507878015
-0.0715855353701
0.173807904062
0.102040759198
0.0797009537757
-0.172448669846
-0.0986115474128
0.0445278704245
0.0722365016516
-0.0494631896617
-0.0755901153334
-0.0771474021166
0.0473992282539
0.070638345654
-0.175338960245
-0.10269435445
-0.0822474389382
0.0438070748765
-0.0543849480123
-0.0753118317159
0.0475406892079
0.0759127506519
0.203970941653
0.104988770801
-0.0428658803358
-0.0708863283498
0.0518005006789
0.199219461198
-0.019269953378
0.055694892786
-0.0478811574317
0.0534834402717
0.0745560600653
-0.0457260268976
0.0513986968647
-0.0493572877282
0.0528170238407
0.0721820846733
-0.169827281718
0.151702762932
0.0991116026876
0.0812368587962
-0.0486012198234
-0.197283633964
0.0221264656697
0.0690567865387
-0.0479468149568
0.04817917664
-0.175853370919
0.0246994337453
0.0694714785047
-0.0496013495792
-0.0777662965656
-0.203482664134
0.0178662111626
-0.056320691723
0.0499240687023
0.0721669722793
-0.0454755518715
0.178011401673
0.103016921125
0.0822334778937
-0.0461164591565
-0.069520458764
0.175195913808
0.100727535847
-0.042194143704
0.0528229828234
-0.0484777473714
0.0530928692978
0.0745000830216
-0.0463052402627
0.0514173996742
-0.0493205146751
0.0509044652525
-0.0496991575838
0.0541253511006
0.199539903029
-0.0188791044458
0.0541661340717
-0.173790312488
0.0262732102274
0.0717230006447
0.0805732295781
0.202037246707
-0.143561184201
0.0314791859967
0.0738004153668
0.0799782957314
0.0765182026421
-0.170511680411
0.0247587240231
-0.0535135904439
0.0499970414486
-0.0522703921407
-0.0715814389623
0.172008285728
-0.0237461956523
0.0528067176903
-0.176810632888
-0.0978935604086
0.167700205623
-0.0271301831047
-0.0724685368246
-0.0787295666377
-0.0775047234063
0.0470800340738
0.0741918840955
0.0760263743968
-0.0481727040316
-0.0744509407358
-0.0768977043977
0.0461719912222
-0.0520529736229
0.0491818071035
-0.0526141423329
-0.0760371169364
-0.0793592366593
-0.0806177220749
-0.0790430388965
0.0443071118336
-0.0542048650451
-0.0789693323961
-0.206303310474
-0.108215884902
-0.0842675113955
0.0446607531616
0.0682159531201
-0.178513673747
-0.229114013919
-0.112188306792
-0.083100606434
0.167608666452
-0.030786864903
-0.201204480549
-0.233066572909
-0.110781046276
0.0400938809566
0.0688104079581
-0.0537088826638
-0.203047319375
-0.107777819011
-0.0823202198086
0.170482900559
0.0973214746119
-0.0463464114621
-0.0750975254589
-0.077552606624
0.0491805117541
0.199613673411
0.105295016112
0.0818348486477
-0.0442310199739
0.0542032301359
0.076929777329
0.0781638020649
-0.0472734624886
-0.0721046282878
0.0493366218971
0.0732367862698
-0.0481715985183
-0.0767013991088
-0.202876863955
0.0203847014936
0.0675621017018
-0.052568608688
-0.203831657603
-0.232972078464
-0.108843207391
0.166126435988
0.0963900020177
-0.0485097959962
-0.200854909685
-0.104739769647
0.044266720402
0.197954671191
0.102360583589
-0.0441331915416
-0.0717450916966
0.0491646255825
0.0769402440546
0.204709795518
0.105343453585
-0.0404531439503
0.0552232846424
0.0773383461543
0.080549341497
0.077225982215
-0.170398112852
0.0271318775019
0.0722061478536
0.0769221102418
-0.0494516464306
-0.20003921126
-0.104011903834
0.0432697434084
0.0690105753716
-0.177782434067
-0.22854388142
-0.111710098552
-0.0829867508797
0.168156042532
-0.0285185853763
-0.0729236201251
-0.079497454953
-0.0788030596676
0.0462169711824
0.0732630849362
0.077891992098
0.0773778365142
-0.0475295277361
-0.0710255742333
0.174779076358
0.100165097229
-0.0442239642647
-0.0733045524216
-0.0746583799796
0.171783573355
-0.0261083192718
-0.0734767636542
-0.204095063028
-0.10321973018
0.16618240051
-0.0301014553462
-0.198682645911
-0.106610565234
-0.0829977009544
0.0451428715436
0.0706229538863
-0.0502931471709
-0.0760772277961
-0.0798533008615
-0.0769578926924
0.172206456714
0.100544292874
0.0806002441191
-0.0467608200054
-0.0721392859742
0.0489171532541
0.073088385627
-0.0469019880525
0.050896773241
-0.049756626955
0.0500710416889
-0.0520570975644
-0.0755016283282
-0.079432615504
-0.0783330868781
0.0447110734376
-0.0561643396133
-0.202476534723
-0.109503769976
-0.207522167178
0.143483517249
0.0910646822044
-0.174937080065
-0.230495085902
-0.235489786945
0.0154958745524
0.190319411538
-0.0255172812212
-0.0747562496962
-0.20317819527
0.0197861687349
0.0687722929052
0.076351254428
0.0742492130848
-0.172303962472
0.0235644840167
-0.0530968268631
0.178431723969
0.225510176475
-0.0153675661245
0.0566903157874
-0.045864844238
0.179238163841
0.101430056005
-0.0432100565272
-0.0732834081008
-0.0738053528454
0.172180983415
-0.0258124561996
-0.0729499000865
-0.204190673149
-0.102864496282
0.166311168516
-0.0299329803678
-0.200284798084
-0.23234318396
-0.110276987131
0.0401876040005
0.0693421884484
-0.0511442738944
-0.0765230072152
-0.080112059289
-0.0776991490564
0.172004028866
0.10008635597
0.080327586534
-0.0470999650218
-0.0726472543415
0.0505758037994
0.200413245419
0.102105726502
-0.1691780007
-0.0984201756485
0.0467563678861
0.197705411775
-0.0221920450651
-0.0707256722054
-0.0758098123656
0.0501277200145
0.196372020792
-0.147556673558
-0.0996238497712
-0.206474049852
0.0196389875299
0.0669010604895
-0.0489716117231
0.0476568671981
-0.176549994465
0.0225075325525
-0.0575258369386
-0.0774582117266
-0.0828108964838
-0.20519496742
0.0148250583293
-0.183582191639
0.0218552006594
0.0667041254147
-0.0473074740931
0.17295171849
-0.149998448917
0.0266294429548
-0.0565681627819
-0.0750114487197
0.045088109165
-0.0501054753113
0.176427773494
0.0996706423716
-0.0440007226052
-0.0740695865009
-0.0744647968997
0.173192143416
0.0992552720113
-0.0463481392041
-0.199947544561
-0.10351350735
0.0447614844031
0.198567255266
0.101207694575
-0.169832653992
-0.0985632311146
0.0445444643735
0.0758216469045
0.201974234
-0.0210872135885
-0.0679529745519
0.0500725954595
0.075872791978
0.0792604647058
0.0803032690219
0.0807677183137
0.0811373626633
0.0795777628214
-0.0447486691029
0.0546690901615
0.0750598079127
-0.0457030299257
0.0519421460857
-0.0515111226733
-0.072828483836
0.0471160300199
-0.052654806612
-0.0760160149145
-0.0797758721918
-0.0803547266914
-0.08084525743
-0.0830430748499
-0.205516088127
0.0168029973266
-0.061258551816
-0.202803490472
0.0154914160472
-0.185184419164
-0.104366861591
0.0375533748021
-0.182106735584
-0.105692443711
-0.0859777024978
-0.0834601703735
-0.0831558705292
-0.080984993839
0.0427789387155
-0.0574154877668
-0.202019932748
0.0171420222564
-0.0593030529471
-0.0773453660298
0.0419107354042
-0.180614351106
-0.103174070218
0.0399018152517
-0.0559115518464
-0.0784834663402
-0.0814065254032
-0.0800590664933
0.0414850631819
-0.179034439499
0.0207221636039
-0.0603270498301
-0.200536545637
0.140743538319
-0.157778406357
-0.0995106751912
0.0388494034752
-0.179116409827
0.0202398439212
-0.0585315712562
-0.0784983116446
-0.0835498055756
-0.207528042404
-0.10989372766
-0.0891186670305
-0.207990808871
0.0128585613891
-0.188100368483
-0.231238107346
0.00927711055116
-0.187462229269
-0.108019340651
-0.089579390076
-0.210380754882
-0.111479063801
-0.0864500042668
0.0426798183629
0.068732418272
-0.0498484168293
0.0483353582431
-0.0538398314708
-0.0734577046948
0.170384330905
-0.027110128848
-0.0709208014723
0.0461353097064
-0.0513315862104
0.0507011739866
0.0726859007931
-0.0472368693569
0.0500642699675
-0.0503571961368
0.0516445262495
0.071161929957
-0.170881346895
0.148975010805
-0.0294205694775
-0.0687923621741
0.170346163965
-0.149414627685
0.0286842826651
0.0697439997189
-0.0474046794162
0.0480747095845
-0.175889032772
0.0246231768549
0.0685134748739
-0.0501693623773
-0.078217937779
-0.205393975018
-0.104317286186
0.165244345528
-0.0304388725453
-0.199561254287
-0.107074589213
-0.0837097608501
0.0445924495892
0.0702469729583
-0.0507656979169
-0.0767717765007
-0.0784705205492
0.0446175179354
-0.0528060208541
0.0504057903874
0.0720789330593
-0.0495170720314
-0.0736321057599
0.0477197486118
0.0725535660492
-0.0476521768813
0.0501810945133
-0.0501908881609
0.0495724884579
-0.0526100599702
-0.0738392331001
0.0439725694713
-0.177394426859
0.021926911212
-0.0595333892242
-0.199408221093
0.141590744502
-0.157150954609
-0.099141727862
0.039247887309
-0.178695615777
0.0189587039905
-0.18593882371
-0.227416922988
0.136366178269
-0.158993855904
-0.102376960162
-0.0870216125679
-0.206755076648
0.013703879461
-0.187647987092
-0.230738419672
0.00981094295291
-0.186899022504
-0.10750136249
-0.0869841799303
-0.0801654376237
0.166034187835
-0.156293354032
-0.224633044761
0.0136796223994
-0.0580195211902
0.0462366206347
-0.0546081049793
-0.0733776467763
0.170504115348
-0.0267954701784
-0.0704817245765
0.0466862917713
-0.0491038077833
0.174901576076
-0.0273684323627
-0.193274982717
0.145810617454
-0.0278375668704
0.0549025187721
0.0721425458589
-0.169954452197
0.149590811116
-0.0288815556702
-0.0681073689769
0.171087617412
-0.149032336319
0.0272217255741
-0.0551537155361
-0.0739751375206
0.0439652936872
-0.178831903907
-0.101454598816
0.041596104737
-0.0543618822619
-0.0792644908218
-0.205786338051
-0.108093824506
-0.0860288167096
-0.0847836488935
-0.208408020631
-0.107445851036
0.0391136548763
-0.0584764107535
-0.204081147257
-0.106291551312
0.0413666242429
0.0677321414255
-0.17678605105
-0.101842639709
0.0431515714174
0.0703867818989
-0.0505145243807
-0.0738675485533
0.0476800042217
0.0741933650394
0.0744889697817
-0.172129760995
0.0260680624367
0.0710809295354
0.0761783532967
-0.0481838289417
-0.0726942201553
0.0491498803042
0.0729883979341
-0.0466090539894
0.051107863958
-0.0494363618031
0.0505866538167
-0.051609404234
-0.0750727299792
-0.0789797837053
-0.0799747585103
-0.080494539154
-0.0826686679046
-0.20672685641
-0.110594858387
-0.211834733049
-0.112232801164
-0.214901952337
-0.23877142471
-0.242986821019
-0.243936852568
-0.242775488041
-0.117456917858
-0.090496815619
-0.0860945652799
-0.0846092566405
-0.0822189932341
0.0440597235973
0.0715513114095
0.0765187151795
0.0781080296855
0.0808655146929
0.207591389027
0.235353842079
0.240389316223
0.240037567469
0.117434995171
0.216878908085
0.239892393024
0.243493449681
0.242539316627
0.119330091448
0.218498636218
0.241116059833
0.244916447847
0.243684740898
0.120333200065
0.219051709041
0.241917899395
0.243614110959
0.118362320684
0.0935456645995
0.214844587644
0.240881833412
0.243059090227
0.118159440307
0.0936182741235
0.214929772647
0.241039162055
0.242995389601
0.118196689681
0.0936087084674
0.215062579875
0.239229188328
0.118984751275
0.21686927197
0.116186728124
0.218337389352
0.239856382739
0.119493830952
0.217070436811
0.116309765702
0.218482564625
0.239911710271
0.119627422489
0.217123150713
0.116485348508
0.216642032113
0.113943169003
0.0906182522252
0.0865211626603
0.0877761033131
0.211099906714
0.112019533654
0.0894143751986
0.0858118502412
0.0873139907823
0.210654952809
0.111687717602
0.0889934899943
0.0855886135642
0.085060160007
0.0863577815218
0.212229612023
0.239234049864
0.241908673384
0.117616081788
0.0928311611607
0.214714745239
0.240637673838
0.242822788708
0.118172499474
0.0933576754195
0.215045400507
0.241237654338
0.241332030684
-0.00742881243225
0.0664367360115
0.210462100556
0.237866361478
0.114735344499
-0.0351123934001
0.0615138339439
0.208716831989
0.236845908086
0.114009265717
-0.0355024073831
0.061041594668
0.20846889905
0.234598660778
-0.0103541731173
0.0628048742349
0.0834473563113
0.209639884082
0.111167053664
0.0885337399731
0.0854628684435
0.0866629976814
0.21035501093
0.111478752828
0.0888107348612
0.0854620658893
0.0869190744217
0.208403350726
-0.0144714066558
0.0595934019165
-0.0450579159275
0.0561825500337
0.0769066110874
-0.0456036563207
-0.072244125984
-0.0746554108828
0.0500979835463
0.0744044407796
-0.0471492863808
-0.0734660166432
-0.0754666491197
0.0472492377427
-0.0503046458056
0.0528806159826
0.0764517568766
0.0824380679768
0.20733574951
0.111141596413
0.215000978368
0.237066067206
0.11762223618
0.215342396875
0.114810379969
0.217193228112
0.238744682702
0.116958964752
0.0904040434568
0.0885891920278
0.213242179788
0.237950662007
0.116744776385
0.0902952926057
0.0885956037489
0.211260951479
0.11214684204
0.0894476830218
0.0856147580679
0.0869961043812
0.210485942351
0.109886280988
-0.0348084842187
0.18413387005
0.109548826863
0.213634254561
0.110560099436
-0.0345390324207
0.184389774433
0.107636527315
0.0897296917371
0.20908683662
-0.0120225629027
0.187504790802
0.10842148156
0.0882238169348
0.0832658902706
-0.0412211230472
0.0569674297838
0.0796147038907
0.0826579974467
0.0810351457331
-0.0424100867244
0.054198179338
-0.0468927530262
0.0530155938519
-0.0499965768709
-0.0716304249408
0.0484324894876
-0.0512036461729
-0.0725604254035
0.0496000521397
0.0780433779763
0.204274751835
-0.0190625379294
-0.0666047214098
0.0518225190992
0.0771843277968
0.0808198677339
0.0818886207861
0.0840718139646
0.208413427449
0.110170061566
0.0856450241189
-0.0414102495532
0.058410824802
0.204715473299
0.107309661255
-0.0406455934238
-0.0688660156878
0.0540438807943
0.201459172869
-0.019357313238
-0.0682674824539
-0.0738272611845
0.0502592047764
0.0745548808255
-0.0491882323787
-0.197514645183
0.0227490261673
0.0716165271514
0.0749112289163
-0.173169806933
-0.0991364489254
0.0451247897985
0.0725656027138
-0.0488003222226
-0.0745557913976
-0.076438598862
0.0462598193904
-0.0506762072146
0.0521006293408
0.0739577564842
-0.047971055541
-0.0741010626573
-0.0781851103856
-0.0774985569674
0.0437274906721
-0.179059696317
-0.105238702475
-0.209979947375
-0.108918910034
-0.0881581244593
-0.210702877105
-0.237456623856
-0.239925629294
-0.117439319884
-0.215080904789
-0.111919633893
-0.0884194555527
-0.0825675400379
0.0420106124326
-0.05403748723
0.0498275925484
0.0738513642627
0.0800484036244
0.204900928558
0.109310111892
0.213081827538
0.235612738042
0.114223858377
0.0879498026273
0.0864190515486
0.211272431603
0.236113902766
0.114999896382
0.0888367471942
0.0873358588803
0.211996117506
0.23671608886
0.115500866185
0.0894173840984
0.0876750850684
0.21041783967
0.113070474667
0.216309688025
0.238239148497
0.118469548823
0.216006728978
0.115305918808
0.217692261715
0.239056806004
0.119036478238
0.216427622154
0.115824505376
0.217927990519
0.239469972548
0.117393212892
0.0906492086682
0.0887601524336
0.211297283608
0.112033100832
0.0894252605629
0.0855226880324
0.0869477655234
0.210089937772
0.111356239824
0.0889452568335
0.0851843029875
0.0865165638139
0.209834755483
0.109212108716
-0.0354266071113
0.183773500252
0.107151868715
0.0890046463535
0.208457189874
-0.0126130531379
0.187142041927
0.107824157985
0.0896285400703
0.208575891145
-0.0125165380674
0.187187100835
0.107925139708
0.0877551503067
0.0824577459339
-0.0415338704512
0.0584202106758
0.204730197568
0.107547963181
-0.0407651916173
-0.0686958946099
0.0537337435766
0.20313204442
0.106335929015
-0.0413003879894
-0.0692517689804
0.0534002242543
0.200868592088
-0.0178622524281
0.0591887532475
0.0788604066882
0.0818403200277
0.0823055570306
0.0843674218402
0.208627265029
0.10995414136
0.0874618489498
0.0844459029451
0.0856248948496
0.209229796517
0.110609984367
0.0859080042882
-0.041336695218
0.0586063931833
0.202745196289
-0.0146407298599
0.18375321242
-0.0191934814215
0.0596992742311
0.0771885011245
-0.0416210450433
0.17911101535
-0.0207215803746
0.0588323271374
0.0766680744378
-0.0437580364056
0.0546822425288
0.0779402347404
0.0793275258205
-0.0461122202429
-0.072434614293
-0.0755907732138
0.047386670692
-0.050286731083
0.0505989529472
-0.0512190005402
-0.0730857118231
0.0473626039676
-0.0503068179946
0.0485053164373
-0.177713681257
-0.102459566063
-0.0816632931284
0.0483896955927
0.197876251384
-0.0200574885473
0.0575109682899
0.0776089486988
0.0807567553624
0.0793364299468
-0.0443212541272
0.0544541499262
0.0772866552942
0.0785992611224
-0.0444705140066
0.056620823149
0.203195576376
0.108026631473
0.0842395068844
-0.0425994036142
0.0577691076724
0.201900474104
-0.0154889376083
0.185081537378
0.106143228102
0.0885004435301
0.207514113051
-0.0151033003843
0.0604241533689
0.0798311879601
0.0823829625967
0.0806241111572
-0.0426454809341
0.0555088976638
0.0785023086909
0.079700123236
-0.0458205077971
-0.0701378721441
0.0484931263622
-0.0492616350945
0.0513522393963
-0.0530274042205
-0.196473145097
0.145869374562
-0.0293983037181
-0.0700643758481
0.0456421963654
-0.174082313402
0.148973609901
-0.0309683481874
-0.194062726994
0.144203372508
-0.153540872548
0.0281266102909
0.0683272199616
-0.173080839146
0.0215126510203
-0.181948154238
-0.100147023751
0.165257442547
-0.153227305579
-0.10176851319
-0.209011294092
-0.106706195648
0.0376930046209
-0.183330857851
-0.230974746029
-0.112694303796
-0.0870837270939
-0.0839150406333
-0.0829203053932
-0.0807385939653
0.0433367944962
-0.0568259127576
-0.201367424078
0.0195881442726
0.069096070255
0.0725954571524
-0.175119701061
-0.0986679854896
0.169158451723
0.0986736600969
-0.0452694082924
-0.0743203694777
-0.0746984241029
0.173252462114
0.097896615949
-0.168240451778
0.0247230587736
-0.0519219405783
0.175118685859
-0.0252182942034
-0.0690251199324
0.0477591489198
-0.0502283076865
0.0522445234286
0.0739932101306
-0.0478937408952
-0.0746650671366
-0.0763784770664
0.0462023004271
-0.053001320565
-0.0779423789165
-0.205309798386
-0.107422187697
-0.0854229554068
-0.0845661460326
-0.209916595384
-0.23694671316
-0.239825532715
-0.117351087584
-0.214956760479
-0.112492788118
-0.090433828456
-0.212799390987
-0.237191110464
-0.113434828434
0.0381039335211
0.067635969985
-0.0524738233498
-0.0756600550166
0.0487683753341
0.200646986845
0.230634101438
0.110950098374
0.0858233043808
0.0843905664492
0.207577985608
0.110958646761
0.212372651591
0.110649446859
0.0892513801056
0.209795431652
0.112592733736
0.213636758442
0.11149040792
0.0903298395875
0.210455995365
0.113201327414
0.211838841981
-0.0138508799306
0.0615760769262
0.0802085428336
0.0827395690016
0.0805748916112
-0.0429024862142
0.0558360089831
0.0780891086743
0.0815200799164
0.079772081379
-0.0434296010098
0.0551834893998
0.0776933187467
0.0791320286316
-0.0444217880319
0.056842246681
0.205242900429
0.236093058297
0.239400269951
0.115129116525
0.0912755905429
0.212944863622
0.239424911901
0.24136874282
0.11647369314
0.0922361397319
0.213861678282
0.238286783583
0.116078602814
0.0901490898663
0.0880763974206
0.212680517038
0.237662045446
0.114028092754
-0.0356610113547
0.0607786965034
0.207900980191
0.236035346721
0.113228805129
-0.0361617794955
0.0605411215263
0.205863224097
0.111905768754
0.211791281971
-0.0136839681438
0.0636025925732
0.206602492426
0.110419167182
0.0879724809587
0.0848980836006
0.0862978844382
0.20982588178
0.111153244112
0.0883112590561
0.0853195241734
0.0844866922491
0.0840848047028
0.0820442541502
-0.0422688070657
0.0564118373975
0.0791169121528
0.0800319206842
-0.0452756786165
-0.0722911229499
-0.074717405968
0.0497849189023
0.0740871132766
-0.0477960590859
-0.0738012517602
-0.0778867779671
-0.0750829503358
0.174011368485
0.101959828758
0.0819992618837
-0.0456292893768
-0.0709360625271
0.0522368666553
0.203865068844
0.233139305224
0.111281880404
-0.0379110153806
0.0589533438999
0.206902672555
0.233030824836
-0.0136020563768
-0.0644517560675
0.0547548247788
0.203912133925
0.106938655206
-0.0427480267607
-0.195029147535
0.0261272095097
0.198387803924
0.102915695675
-0.169850789086
-0.223125715353
0.0209811626673
0.194511382824
-0.0224593633851
-0.0722418297012
-0.201054027576
0.0217650071835
0.0707975819622
0.0781462589407
0.0778504743661
-0.0449399777084
0.0543861516566
0.0752055710199
-0.0433960443867
0.177714759567
-0.0214363977365
0.0561467880216
-0.0496719996975
-0.0719305072246
0.0478674739689
-0.0517331384341
-0.0750236986499
-0.0787544612025
-0.0776956064774
0.0434871585896
-0.17891151539
-0.10524740497
-0.210179680897
-0.109104547719
-0.0884767079152
-0.210764009091
-0.235512765715
-0.112321703498
0.0395468332578
0.0686981432835
-0.0512313469754
-0.0766921198928
-0.0782816366856
0.0445927324849
-0.0524445522481
0.0508418270458
0.0745498800071
0.0807782112137
0.20580505409
0.109838025916
0.21169335669
0.109923117748
0.0892010495089
0.209518043957
0.112371536543
0.211281693193
-0.0146972930804
0.0611825907421
0.079794510902
0.0846766890971
0.206440052256
-0.0159399155628
0.0604620564168
0.0796032267515
0.0825610604484
0.0803856977554
-0.0432030758404
0.0555124095827
0.0780761808426
0.0794885021249
-0.0441787447846
0.0572234560292
0.205441684653
0.234292646305
0.111955590169
-0.0376738665367
0.0595427402773
0.206783761466
0.233203288361
-0.0116653299391
0.06136218625
0.0822645216475
0.210392446892
0.23219223582
-0.136907046185
0.0345991982924
0.0777851335562
0.207168031708
0.10557528621
-0.164476191303
0.029691450072
0.0762066638361
0.204247342284
-0.0211162643091
-0.193952161615
-0.10139759967
0.0471922087483
0.196473321082
-0.147339699611
-0.0968957389695
-0.0797914596295
0.0478383546312
0.0725440956641
-0.0488745051264
-0.0748023625541
-0.0768707899813
0.0462193649495
-0.0514749370544
0.0518668733915
0.075351840191
0.0796511943752
0.0767664811888
-0.170934846159
0.0250322135879
-0.0538706246571
0.0496824824747
-0.0543582064045
-0.201728334749
-0.106671304705
-0.0830214128392
0.0419013145496
-0.18256244274
-0.230281067682
-0.112619730072
-0.0872381538586
-0.0836745554072
-0.0832161317768
-0.0806258446577
0.0450037728752
0.0725882350335
0.0774788244812
0.0787845009847
0.081753007452
0.206034534496
0.105947626937
-0.0384191726195
0.180948665426
0.106800702077
0.209047636645
-0.0178909828177
-0.0641320550516
0.177385443046
0.106003309231
0.209088809633
-0.017777728873
-0.0639283978095
0.177446854379
0.104297482889
0.0851804020809
0.0808515003551
-0.0432010339295
0.0549947015131
0.0759874623635
-0.0429495818177
0.178220622067
-0.0213459108793
0.0581591296125
0.0764535722845
-0.0425527154829
0.178317741443
-0.0212528089496
0.0561864509691
-0.0496375905067
-0.0717539708944
0.0495364436166
0.0777093377764
0.205698108895
0.106010700979
-0.0415346384807
-0.0700161333398
0.0527317886113
0.202088491912
0.105246776823
-0.0422872453633
-0.0702386829299
0.0506672003625
0.0781722614147
0.205940672883
0.106195667097
-0.0397212014249
0.0560580891353
0.078080846248
0.0831486901328
0.207275859942
0.109132166532
0.0870052161893
0.0836208000369
0.0852075149546
0.208824294602
0.108196907805
-0.0384374073036
0.0568960775113
0.0788101831249
0.0815836229158
0.0805425012788
-0.0452503918111
-0.0708217637919
0.0505038942293
0.0743236275518
-0.0474225229059
-0.0738812212708
-0.0763405356459
0.0484072730535
0.0710187044542
-0.172461437117
0.0241830870855
-0.056221642323
-0.072766204392
0.169907940308
-0.151856692034
-0.0969205301678
0.0429245679697
-0.0518008342611
0.0491308932419
-0.0526169096723
-0.0741557391124
0.0462845220008
-0.0530518876754
-0.0765302802049
-0.0816673532683
-0.202830552453
0.143141369924
-0.0331282587545
-0.197735010428
0.016851618996
-0.182019239283
0.0224296565164
0.0656273982977
-0.176831770551
-0.105915054708
-0.208674386282
0.0160383721798
-0.0599112315973
-0.0771807627017
0.0419294731128
-0.180390887306
-0.102664946149
0.0400887002617
-0.0554769880423
-0.0781805251905
-0.0810415008323
-0.0814745994987
-0.0801828052707
0.0457382119944
0.0710964652188
-0.0521887100756
-0.201981185072
-0.10532708044
0.0402173248067
-0.0536507000326
0.0458499367402
-0.181595410531
-0.226028012066
0.139160011891
-0.0325525912151
-0.0745570967291
-0.0824716265147
-0.203021943546
0.140606268122
-0.155857272361
0.0264240990944
0.0663135388949
-0.174268736139
0.0200744492229
-0.18307091431
-0.100988789232
0.163880123581
-0.153857261916
-0.100879346136
-0.0841946817795
-0.0801785184937
0.0416229285475
-0.182534580739
-0.230936708964
-0.11298791819
-0.087812847552
-0.0844051632935
-0.0831986588038
-0.0812016354768
0.0428534113191
-0.0575654111255
-0.202100752564
0.0172771575559
-0.0592008763547
-0.0770529796394
0.0439490717798
-0.0508181277539
0.175807993001
0.0996983111922
-0.0445817433435
-0.0745418863425
-0.0749081345057
0.172946665509
0.0973244969383
-0.168559785032
0.0241584999088
-0.0538636681434
0.052638598465
0.196681079398
-0.145446203629
0.0277783097077
-0.0533629389377
0.0515312255103
0.0730080680924
-0.0447967323506
0.176512517357
-0.0226354278888
0.0549770878591
-0.050855627677
-0.0725647758829
0.04868753082
0.0749325730579
0.0751593058709
-0.173596825187
-0.0992834718357
0.04465266888
0.0717595779369
-0.0517435489648
-0.201105878243
-0.106531056997
-0.0830980048963
0.0415780903704
-0.180966086147
-0.102474215181
0.0402243798889
-0.055527835889
-0.0775300145275
-0.0791073982888
0.0465656834562
0.0708484936347
-0.0521164319083
-0.199743924036
0.0205953113308
0.0676504532296
-0.0492852045512
0.0495349098215
-0.0508930953709
0.0515175526732
0.0714097522848
-0.170851103441
0.149448067872
-0.0275571414482
0.0533002917046
-0.0534598233637
-0.199071345191
0.0193046456995
-0.0576750709748
-0.0755928309074
0.0431997369769
-0.177257351472
0.0199101965498
-0.18325783625
-0.104669995705
-0.0874374941871
-0.208338957369
-0.111787198691
-0.214699209711
-0.234543089402
0.0106398567931
-0.0595479751805
0.045467566523
-0.0569936130956
-0.203560845379
-0.108394915236
-0.086468655093
-0.0818227301703
0.0427003424782
-0.0537897480819
0.0497732076839
0.074017143801
0.0800612314763
0.203141509692
-0.018751986341
0.0579230370569
0.0773128800347
0.0803302301605
0.0808467886505
0.0831393107764
0.209317156418
0.234467099604
0.113930095412
0.0883076213484
0.086463421887
0.21125621324
0.23612800551
0.113004368477
-0.0367368398129
0.0598076031461
0.207466556879
0.233437484742
-0.0132696613516
-0.0641628283656
0.0552153945832
0.203970446875
0.106912773072
-0.0409496251025
-0.0691200837766
0.0533854135783
0.202937064882
0.104294907479
-0.165400245027
0.0290003817807
0.0756020375959
0.20381619296
-0.0194098841544
-0.0665570741638
0.0516026477118
0.0769631712408
0.0805874483386
0.0795296803782
-0.0437755094638
0.0549194236268
0.0778456712754
0.0790942548154
-0.0462252553454
-0.0729288463532
-0.0755489872102
0.0471673850646
-0.052367019874
-0.0773658349223
-0.204744389973
-0.107100490137
-0.0849563955699
-0.084133928963
-0.209772979593
-0.234905259959
-0.113622286394
-0.0899067706172
-0.210116386959
-0.110632850218
-0.0855327033743
0.0438516583869
0.0697557232226
-0.0491907396484
0.0511695264976
0.0766517290917
0.206526338148
0.232701222067
0.114183452714
0.212706234171
0.11267532563
0.213377437571
0.11106119964
0.0899528194391
0.21009093472
0.11285137533
0.213854857747
0.111696703863
0.0907302832091
0.210776377517
0.113494359976
0.214159721428
0.112041527407
0.0890100332076
0.0851645276291
0.0846460173192
0.0856574338352
0.209408771237
0.1109314497
0.0881016424433
0.0851280876719
0.0860205537876
0.209661504312
0.11085629995
0.088188358964
0.0850182371006
0.0861112943089
0.207650705339
-0.0130885975275
0.188849504354
0.23334474941
0.114711884477
0.08710617439
-0.038539317139
0.185220441888
0.232421563004
0.114241745253
0.0869027134794
-0.0385589634888
0.185048044459
0.232484162123
0.112399026769
-0.0390272893149
-0.0657460173624
0.178327928078
0.106978280035
0.212120373643
0.108971327913
-0.0354491764608
0.183303982419
0.108703038305
0.213006054251
0.109459256707
-0.03521986066
0.183515828038
0.107003343148
0.0889880095994
0.208310751515
-0.0143946460185
0.0608220105391
0.0804924512839
0.0826438633469
0.0810091085934
-0.0425732589612
0.0557604788899
0.0785202025114
0.0815431862062
0.080248608836
-0.0428925220051
0.0534654910464
-0.0478418981868
0.0521472545511
-0.0486650644237
0.0556198240791
0.200990412337
-0.019896730495
-0.0669986495407
0.0514486261347
0.0789229109542
0.204468057473
-0.0190457669897
-0.0666562575276
0.05161178901
0.0769549617554
0.0805873689238
0.0816623628957
0.0817863122311
0.0820010858925
0.0805136656433
-0.0416369791817
0.181207676358
0.103067638137
-0.040217154077
0.0541359925618
-0.045751334973
0.180010497756
0.102533810592
-0.0422113025041
-0.0721268194363
-0.0730050098376
0.173020720313
-0.0248588301166
-0.0721601581509
-0.203362040726
-0.104010746673
0.0431835864963
0.0733714351413
0.0749097064314
-0.173839733983
-0.0995229672855
0.0445605138325
0.0721378784717
-0.0492593202928
-0.0751540809348
-0.0790238313966
-0.0762211949697
0.173260569728
0.101396377537
0.0835220076228
0.0794548691234
-0.0422293617025
0.178572770403
-0.0216204747716
0.0579906883962
0.0760200998019
-0.0448770889517
0.0522177249791
-0.0506208617413
-0.0702869482826
0.173204552302
-0.0227414810603
0.0549720209789
-0.0503078603713
-0.0722330435942
0.0473961307952
-0.0520486640326
-0.0738602846604
0.0465625851276
-0.0505913742894
0.0479783192563
-0.17573742784
0.0268866966375
0.195073688024
-0.0222048217844
-0.0725550043831
-0.201362206588
0.0233655125555
0.192167048962
-0.146722326644
0.0277126912076
-0.0532460547625
0.0518798197687
0.0716853391109
-0.174191038273
-0.101963967002
-0.0815201870671
0.0444565509395
-0.0541123347307
-0.0747309916605
0.0457154625302
-0.0513259416535
0.0474584671236
-0.178606703236
-0.101220595646
0.0393734713272
-0.176601592215
0.147301437588
-0.0284127172526
0.0568254422846
0.19783573406
-0.14468295493
0.0285337132421
-0.0527286087097
0.0516971622761
0.0713067864963
-0.173905480659
-0.100261863043
0.0446685875555
0.0718393750262
-0.0516149996832
-0.20064967092
-0.104745220941
0.042973414538
0.0687896936904
-0.176060721732
-0.100820245487
0.0434509956181
0.0710726261255
-0.0500239250638
-0.0736337648864
0.0483336768046
0.0726133582546
-0.0470999797513
0.0524513595096
0.0761929867855
0.0794221616784
0.0785795915454
-0.0466841153305
-0.0720775153845
0.0496901704313
0.0734109540014
-0.0465787875037
0.0513854485953
-0.0496532197745
0.0509243190296
-0.0501191549705
0.0523611280561
0.0742274983002
-0.0481978708915
-0.0744255450431
-0.0768388046687
0.0461476974218
-0.0513415789418
0.0499574133459
-0.0542606512882
-0.199576245418
0.0174468796202
-0.181551164224
0.0192890347018
-0.185757085779
-0.230843852619
-0.114542010541
-0.213270038037
-0.111143822958
-0.0897534141962
-0.211973300992
-0.238693921329
-0.242681959062
-0.240438670739
0.0086004815921
-0.0630566714698
-0.081354881358
-0.0833125622592
-0.0794404962681
0.170476812079
0.0992483115107
0.0813333089274
0.0775281171285
-0.0458045455364
0.0549284839448
0.203593525304
0.234283774346
0.235808709322
-0.011663562815
0.0629499701026
0.207076417595
0.236918184739
0.237564047732
-0.0103463206657
0.0638118342692
0.207949825945
0.235948708143
0.114381043145
0.0888630904738
0.0869539934397
0.211799065898
0.234895333988
-0.0106823488693
0.0621857222209
0.0825596827808
0.210717266459
0.234110832889
-0.0108484971586
0.0620395299993
0.0826650620176
0.208796321381
0.107973168309
-0.0400922179543
-0.0687706705837
0.053811288956
0.201182631406
-0.0180477028131
0.0571759814526
-0.0470335023068
0.056537753091
0.201347764931
-0.0179710803387
0.0569638086329
-0.0471721677973
0.0544137249294
0.0770462651882
0.0828164786896
0.207139112408
0.109351928787
0.085127839404
-0.0423538014902
0.05621552757
0.0779250887757
0.0814738957256
0.080113114344
-0.0438660377652
0.0552432765776
0.077691717562
0.0793985689314
-0.0461083280676
-0.071161841806
0.050115274364
0.0740309553197
-0.0457021839412
0.0536251685993
0.0789400873966
0.208029435037
0.232284643355
-0.0121531224582
0.0606007778291
0.0816436943748
0.209774200881
0.231359870875
-0.135464102079
0.159764642012
0.104880213661
0.211704193798
0.106737889187
-0.161734471939
0.15560613542
0.103555690368
0.20926836438
-0.019445653267
-0.18903095267
0.15076772949
0.102088012549
0.20632853995
-0.145948082761
-0.218639912416
0.0198411297082
0.0712678169415
0.0764256327824
-0.0496051228449
-0.197736568798
0.0221298521996
0.0693551573081
-0.0477753782734
0.0486865051054
-0.175759999413
0.0250724341274
0.0676137234265
-0.171652909752
0.149261738993
-0.0254520802148
0.183464146665
0.225934768915
-0.139753901809
0.0305702990891
-0.0496712870651
0.178652359319
0.0995124783076
-0.16892375232
-0.0999576579739
-0.0780958593391
0.171505849702
-0.0281857650433
-0.197016255428
-0.105435697877
-0.0801546578266
0.1683259287
-0.152945007856
-0.0971192717604
0.042493721092
-0.0519780437302
0.0491670324239
-0.0506877649375
0.0539288223024
0.199386865377
-0.0208713542033
-0.0682510172638
0.0505052127719
0.0778357815295
0.203733832204
-0.0214062621121
-0.193412529977
0.0236826680831
0.0715468121088
0.0786195433645
0.0764895324737
-0.170945226084
0.0266770142197
0.070143018438
-0.0450019426654
0.175054807747
-0.150213191285
-0.0958214465068
0.0435792636145
-0.0511568575778
0.0495166295086
-0.0521647960814
-0.0754680639569
-0.0792210469157
-0.0797546685188
-0.0809537047805
-0.0807810234419
-0.0830847296766
-0.207229412965
-0.110351787947
-0.21048165922
0.0173828052752
0.0639212239803
-0.179738015904
-0.232060347527
-0.238305582319
-0.11077044526
0.162826553834
-0.030196953331
-0.0746284036871
-0.0803960564422
-0.0793097193578
0.0459267193092
0.0730763107342
0.0751915305602
-0.049142215529
-0.0751184862443
-0.0757167858574
0.175292857181
0.226764789251
0.108144013102
-0.0418409896277
-0.0685670043588
0.17812307721
0.226951719472
-0.0143383820514
0.057490617882
-0.0452906194101
0.179902414295
0.102485982947
-0.0424404034471
-0.0724247197055
-0.0735816132621
0.1747436843
0.0986800460567
-0.169270052473
-0.100460316163
-0.0784822127229
0.170936970699
-0.02843820628
-0.19931106355
-0.231535281097
-0.109707339168
0.0410984486678
0.0696975403859
-0.0506536355795
-0.0763814393422
-0.0778017898353
0.0449647469832
-0.052388898491
0.0487218252297
-0.0532725142062
-0.0764246393869
-0.0781978771729
0.0487703322633
0.199618759356
0.105446290582
0.0823928570569
-0.0441542411491
0.056430570554
0.20057577508
-0.0184492514659
0.054416084088
-0.173909335177
0.0264036401971
0.0697458931129
-0.0489402597626
-0.0768408362018
-0.202895540908
0.0204450648567
0.0675261484693
-0.0522279963034
-0.203812654552
-0.230805220918
0.0129691954584
-0.0584773867096
0.0469510962771
-0.0544317112716
-0.0730597369446
0.173021402682
0.103008582822
0.208816341918
0.10610308742
-0.0380535866659
0.181094983677
0.104771087937
0.0868569693496
0.206234758567
-0.0160969088484
0.0594162358842
0.0792195049314
0.0833249689822
0.205557195079
-0.0163796651652
0.0595674952077
0.0792768663805
0.0814372196511
0.0796392417005
-0.0435176313111
0.0529311538472
-0.048367275643
0.0515873854092
-0.0492106859496
0.0552590913732
0.200357239241
-0.0183946332854
0.056551362311
-0.0474709529417
0.0560154664057
0.200691308391
-0.0201768926933
-0.0675823044371
0.051131115445
0.076560919424
0.0800779188973
0.081352568239
0.0812366093043
0.0818528485805
0.0799082264993
-0.0437714322828
0.0552563529855
0.0772570405849
0.0806157481478
0.0793278794904
-0.0460589513563
-0.0708260677301
0.0483554661521
-0.0478604947908
0.17624962635
-0.024198613914
-0.0703317680792
-0.0773123007701
-0.0768130827812
0.0476209644353
0.0727240185305
-0.0488588169233
-0.0749101705702
-0.0765806055937
0.045681320219
-0.0512346521718
0.051558968183
0.073401583182
-0.0483353709248
-0.0749334652568
-0.0788418611904
-0.0761134220179
0.17294940628
0.0992502275213
-0.0467112711511
-0.199701131543
-0.101880211698
0.169325035828
0.0963914306777
-0.173279299184
-0.227322821259
-0.108846668263
0.043639597701
0.196046801055
-0.0233420329466
-0.0714584082876
-0.0766318516292
0.0479893785505
0.0743406882563
0.0784975280708
0.0778452183359
-0.0455187229872
0.0518117079703
-0.0476947962451
0.17877667178
0.0994994617031
-0.167459856423
0.0256544004196
-0.0515328950895
0.175632377031
-0.0268093458693
-0.196682142228
-0.105260684165
-0.0803269796004
0.16780313258
-0.154940989117
-0.227120636291
-0.236930890578
-0.111611073195
0.0376413130456
-0.05710263355
-0.0803347910826
-0.207483311137
-0.109031564542
-0.0851459379928
0.0440881727756
0.0698962907743
-0.0509673336824
-0.078438433017
-0.202471779201
0.147217923724
0.221672457246
0.108343550208
0.0806118863349
-0.168101718702
0.152945651928
0.0990224288041
0.0812872526116
-0.0487244131414
-0.195691854981
0.147887268023
0.0957512348265
-0.0430113479985
0.0496186339316
-0.173046350897
0.151095580309
0.0963216942336
-0.0447403025875
-0.0759731083973
-0.202219230447
0.0224208617495
0.195455366098
0.104715059114
0.0797912248827
-0.169622294383
0.0269628235455
0.0720787906217
0.0766595778636
-0.0500181017721
-0.198019741153
0.0218071791719
0.0683920476915
-0.0481818108908
0.050031538186
-0.0500346766697
0.0521454138258
0.0736922556988
-0.0487303124618
-0.0749314034032
-0.0789312335115
-0.076352249194
0.17298742554
0.100947292885
0.0809559799217
-0.046324980387
-0.0717766805001
0.0493602059693
0.0751173453236
0.0751232784399
-0.173285313772
-0.0993394604017
0.042505006466
-0.0501554351931
0.175019129054
-0.0253745082183
-0.0691100867591
0.0476621149366
-0.050461329608
0.049982710143
-0.0541631560471
-0.197754317944
0.145019817009
-0.0303777363279
-0.0712458984216
0.0448665649676
-0.177014881109
0.0221629171631
-0.0570425783334
-0.0776219587924
-0.0827160063195
-0.205068575346
0.0149086892675
-0.182976941202
0.0218754836013
0.0649223157249
-0.176822758081
-0.104128964203
-0.083155749436
0.0433415430963
-0.0553457345266
-0.07570524247
0.0448854067133
-0.054153074606
-0.075330800809
0.0454317048276
-0.0540960492616
-0.0772024483893
-0.0803087342738
-0.0813359497617
-0.0798302723197
0.0436478607418
-0.0567165038457
-0.201188481171
0.0176486638247
-0.0569295663378
0.0451631482453
-0.180204572928
-0.102340366884
0.0384323529675
-0.177528004688
0.146293609255
-0.031222491682
-0.0734196982569
-0.0821016941234
-0.204553525262
0.0187351861166
0.0665156217451
-0.0533751872605
-0.204851122383
-0.233377069332
-0.111717930822
0.0360906961663
-0.183004216186
-0.108304376881
-0.212074547802
-0.11118471277
-0.0880656977951
-0.0825120693781
0.0419818009947
-0.0561907569006
-0.0806703711737
-0.205734840648
0.0203576132321
0.193645945804
0.102912594959
0.0803321407789
-0.0454373969169
0.0530383407383
0.0759286429809
0.0772689611715
-0.0479911683714
-0.072632083453
0.0483842259052
0.0728896469443
-0.0469782556989
0.0506150288785
-0.0499709018385
0.0518000031986
0.0734980483238
-0.0466204667795
0.0488383945721
-0.173919606834
0.152621170338
0.223946733611
0.111651452112
0.207252351024
-0.139738998161
0.158050161212
0.101100754905
0.0843980092866
0.0778793712732
-0.167488381378
0.153132400673
0.0998132273946
0.0819525815588
-0.0481592521683
-0.194925771047
0.148245293269
0.0982279195961
0.0789711114988
-0.174633136946
-0.22463438585
0.0191883861286
0.197082965368
0.227986513388
-0.0189994418496
-0.192615384622
0.0254902083182
0.197477583482
0.104911020398
0.080317377977
-0.169600182737
0.0291828721722
0.196389781665
-0.0182065991967
0.181613001465
-0.0209301461972
0.0600574240449
0.201961049123
-0.0179308725415
0.0569071841333
-0.0474252067431
0.0538412214816
0.0748610514948
-0.0473532835855
-0.0740368529665
-0.0761897620712
0.0463599071528
-0.0532199018048
-0.0758239613478
-0.0816855214115
-0.204369106757
0.0178427220155
-0.0607251355565
-0.202147031555
0.0155365430481
-0.184580890145
-0.103572903002
0.0399541456398
-0.0519800189379
0.171819784388
-0.154041971353
-0.2212742845
0.140960320265
-0.029910765659
0.0517287282478
-0.0541916157035
-0.200051526111
0.0185200593225
-0.0579590145464
-0.0762153739637
0.0428885264341
-0.178121346221
0.021407409638
-0.0595737551321
-0.199870967618
0.141460698864
-0.157432114979
-0.0993218611332
0.0393235199808
-0.178667477496
0.0209155430542
-0.0561465764194
0.0517353910375
0.195987250626
-0.147830946265
-0.0982084319187
-0.080834301347
0.0466575073344
0.0694500417269
-0.177343145912
-0.226965453025
0.0160618098497
0.0667161481503
-0.051596986381
-0.0784834036621
-0.204140023744
0.0193182498509
0.0650537038586
-0.175074613409
0.0219311587331
-0.0556322541848
0.0479177240741
-0.053691073706
-0.0725249068173
0.171312211601
-0.0264056285651
-0.0700765505661
0.0470028775489
-0.050662212466
0.0493566855662
-0.0523170913442
-0.0758350530592
-0.080013015236
-0.0786982238444
0.0425660049362
-0.177996457936
0.0217749656442
-0.0580674263489
-0.0777316269306
-0.0810405835612
-0.0793567281337
0.0423559257625
-0.178767593144
0.0232336513601
0.0677269412816
-0.0506511780742
-0.0766553218908
-0.0778715597534
0.0448298597979
-0.0542577104471
-0.0787957868881
-0.206552914374
-0.108185408512
-0.0865794218935
-0.0851569650178
-0.208530555623
-0.110317443085
-0.0871439728783
-0.0862181153841
-0.209300295178
-0.110298116896
-0.0898362580806
-0.2084684906
0.0145938861732
-0.0588831075807
0.047866209094
0.0703038559424
-0.0467126186569
0.176899675673
0.101823400251
0.0808077305291
-0.0473025351372
-0.0721901123031
0.0485824876873
0.0729106448759
-0.0475611491124
0.050394634352
-0.0498807714057
0.0519470976953
0.0735366393348
-0.0467718499299
0.0507322374647
-0.049965779575
0.0500119588497
-0.0503646090175
0.0540985705471
0.201260716395
0.108457414029
0.210716561145
0.109592195684
0.0868149009605
0.0832868179494
0.0847994255904
0.208185640533
0.109637229565
0.0868532935674
0.0839226581105
0.0834032549607
0.0828641487615
0.0827435048881
0.0824717623152
0.0826121205437
0.0825548863579
0.0804975701694
-0.0412994861565
0.182930984529
0.230869601892
0.112861351422
0.0857288812886
-0.0394307581184
0.184023637471
0.229523677382
-0.0107025777139
0.184830778171
-0.016528290062
0.187589696043
0.23070683662
-0.0115653078829
0.0594193262804
-0.0435468056186
0.181183542669
0.103481441299
-0.0394129324056
0.0542955924431
-0.0452108125582
0.178294520599
-0.0231018455528
-0.0689647386438
-0.0767943557346
-0.0742860714189
0.172426393
-0.0273907954787
-0.194922020816
0.0207646053849
